-1.33	99.99
-2.66	199.88	
-3.98	299.68	
-5.31	399.38	
-6.64	498.97	
-7.97	598.48	
-9.29	697.88	
-10.62	797.18	
-11.95	896.39	
-13.28	995.50	
-14.60	1094.51	
-15.93	1193.42	
-17.26	1292.23	
-18.59	1390.95	
-19.92	1489.57	
-21.24	1588.09	
-22.57	1686.51	
-23.90	1784.83	
-25.23	1883.06	
-26.55	1981.18	
-27.88	2079.21	
-29.21	2177.15	
-30.54	2274.98	
-31.86	2372.71	
-33.19	2470.35	
-34.52	2567.89	
-35.85	2665.33	
-37.17	2762.67	
-38.50	2859.92	
-39.83	2957.06	
-41.16	3054.11	
-42.49	3151.06	
-43.81	3247.91	
-45.14	3344.67	
-46.47	3441.32	
-47.80	3537.88	
-49.12	3634.34	
-50.45	3730.70	
-51.78	3826.96	
-53.11	3923.13	
-54.43	4019.20	
-55.76	4115.17	
-57.09	4211.04	
-58.42	4306.81	
-59.75	4402.48	
-61.07	4498.06	
-62.40	4593.54	
-63.73	4688.92	
-65.06	4784.20	
-66.38	4879.39	
-67.71	4974.47	
-69.04	5069.46	
-70.37	5164.35	
-71.69	5259.14	
-73.02	5353.84	
-74.35	5448.43	
-75.68	5542.93	
-77.01	5637.33	
-78.33	5731.63	
-79.66	5825.83	
-80.99	5919.94	
-82.32	6013.95	
-83.64	6107.86	
-84.97	6201.67	
-86.30	6295.38	
-87.63	6388.99	
-88.95	6482.51	
-90.28	6575.93	
-91.61	6669.25	
-92.94	6762.47	
-94.26	6855.60	
-95.59	6948.62	
-96.92	7041.55	
-98.25	7134.38	
-99.58	7227.11	
-100.90	7319.75	
-102.23	7412.28	
-103.56	7504.72	
-104.89	7597.06	
-106.21	7689.30	
-107.54	7781.44	
-108.87	7873.49	
-110.20	7965.43	
-111.52	8057.28	
-112.85	8149.03	
-114.18	8240.69	
-115.51	8332.24	
-116.84	8423.70	
-118.16	8515.06	
-119.49	8606.32	
-120.82	8697.48	
-122.15	8788.54	
-123.47	8879.51	
-124.80	8970.38	
-126.13	9061.15	
-127.46	9151.82	
-128.78	9242.39	
-130.11	9332.87	
-131.44	9423.25	
-132.77	9513.52	
-134.10	9603.71	
-135.42	9693.79	
-136.75	9783.77	
-138.08	9873.66	
-139.41	9963.45	
-140.73	10053.14	
-142.06	10142.73	
-143.39	10232.23	
-144.72	10321.62	
-146.04	10410.92	
-147.37	10500.12	
-148.70	10589.22	
-150.03	10678.23	
-151.35	10767.13	
-152.68	10855.94	
-154.01	10944.65	
-155.34	11033.26	
-156.67	11121.78	
-157.99	11210.19	
-159.32	11298.51	
-160.65	11386.73	
-161.98	11474.85	
-163.30	11562.87	
-164.63	11650.80	
-165.96	11738.63	
-167.29	11826.35	
-168.61	11913.98	
-169.94	12001.52	
-171.27	12088.95	
-172.60	12176.29	
-173.93	12263.53	
-175.25	12350.67	
-176.58	12437.71	
-177.91	12524.65	
-179.24	12611.50	
-180.56	12698.25	
-181.89	12784.89	
-183.22	12871.45	
-184.55	12957.90	
-185.87	13044.25	
-187.20	13130.51	
-188.53	13216.67	
-189.86	13302.73	
-191.18	13388.69	
-192.51	13474.56	
-193.84	13560.33	
-195.17	13646.00	
-196.50	13731.57	
-197.82	13817.04	
-199.15	13902.41	
-200.48	13987.69	
-201.81	14072.87	
-203.13	14157.95	
-204.46	14242.93	
-205.79	14327.81	
-207.12	14412.60	
-208.44	14497.29	
-209.77	14581.88	
-211.10	14666.37	
-212.43	14750.76	
-213.76	14835.05	
-215.08	14919.25	
-216.41	15003.35	
-217.74	15087.35	
-219.07	15171.25	
-220.39	15255.06	
-221.72	15338.77	
-223.05	15422.37	
-224.38	15505.88	
-225.70	15589.30	
-227.03	15672.61	
-228.36	15755.83	
-229.69	15838.95	
-231.01	15921.96	
-232.34	16004.89	
-233.67	16087.71	
-235.00	16170.44	
-236.33	16253.06	
-237.65	16335.59	
-238.98	16418.02	
-240.31	16500.36	
-241.64	16582.59	
-242.96	16664.73	
-244.29	16746.77	
-245.62	16828.71	
-246.95	16910.55	
-248.27	16992.29	
-249.60	17073.94	
-250.93	17155.49	
-252.26	17236.94	
-253.59	17318.29	
-254.91	17399.55	
-256.24	17480.70	
-257.57	17561.76	
-258.90	17642.72	
-260.22	17723.58	
-261.55	17804.35	
-262.88	17885.01	
-264.21	17965.58	
-265.53	18046.05	
-266.86	18126.42	
-268.19	18206.69	
-269.52	18286.87	
-270.84	18366.94	
-272.17	18446.92	
-273.50	18526.80	
-274.83	18606.59	
-276.16	18686.27	
-277.48	18765.86	
-278.81	18845.34	
-280.14	18924.73	
-281.47	19004.03	
-282.79	19083.22	
-284.12	19162.32	
-285.45	19241.31	
-286.78	19320.21	
-288.10	19399.02	
-289.43	19477.72	
-290.76	19556.32	
-292.09	19634.83	
-293.42	19713.24	
-294.74	19791.55	
-296.07	19869.76	
-297.40	19947.88	
-298.73	20025.90	
-300.05	20103.81	
-301.38	20181.63	
-302.71	20259.36	
-304.04	20336.98	
-305.36	20414.51	
-306.69	20491.94	
-308.02	20569.27	
-309.35	20646.50	
-310.67	20723.63	
-312.00	20800.67	
-313.33	20877.61	
-314.66	20954.45	
-315.99	21031.19	
-317.31	21107.83	
-318.64	21184.38	
-319.97	21260.82	
-321.30	21337.17	
-322.62	21413.42	
-323.95	21489.57	
-325.28	21565.63	
-326.61	21641.59	
-327.93	21717.45	
-329.26	21793.21	
-330.59	21868.87	
-331.92	21944.43	
-333.25	22019.90	
-334.57	22095.27	
-335.90	22170.54	
-337.23	22245.71	
-338.56	22320.78	
-339.88	22395.76	
-341.21	22470.63	
-342.54	22545.41	
-343.87	22620.10	
-345.19	22694.68	
-346.52	22769.16	
-347.85	22843.55	
-349.18	22917.84	
-350.50	22992.03	
-351.83	23066.12	
-353.16	23140.12	
-354.49	23214.01	
-355.82	23287.81	
-357.14	23361.51	
-358.47	23435.12	
-359.80	23508.62	
-361.13	23582.03	
-362.45	23655.33	
-363.78	23728.54	
-365.11	23801.65	
-366.44	23874.67	
-367.76	23947.58	
-369.09	24020.40	
-370.42	24093.12	
-371.75	24165.74	
-373.08	24238.27	
-374.40	24310.69	
-375.73	24383.02	
-377.06	24455.25	
-378.39	24527.38	
-379.71	24599.41	
-381.04	24671.34	
-382.37	24743.18	
-383.70	24814.92	
-385.02	24886.56	
-386.35	24958.10	
-387.68	25029.54	
-389.01	25100.89	
-390.33	25172.14	
-391.66	25243.29	
-392.99	25314.34	
-394.32	25385.29	
-395.65	25456.15	
-396.97	25526.91	
-398.30	25597.57	
-399.63	25668.13	
-400.96	25738.59	
-402.28	25808.96	
-403.61	25879.22	
-404.94	25949.39	
-406.27	26019.46	
-407.59	26089.43	
-408.92	26159.31	
-410.25	26229.08	
-411.58	26298.76	
-412.91	26368.34	
-414.23	26437.82	
-415.56	26507.21	
-416.89	26576.49	
-418.22	26645.68	
-419.54	26714.77	
-420.87	26783.76	
-422.20	26852.66	
-423.53	26921.45	
-424.85	26990.15	
-426.18	27058.75	
-427.51	27127.25	
-428.84	27195.65	
-430.16	27263.96	
-431.49	27332.16	
-432.82	27400.27	
-434.15	27468.28	
-435.48	27536.20	
-436.80	27604.01	
-438.13	27671.73	
-439.46	27739.34	
-440.79	27806.86	
-442.11	27874.29	
-443.44	27941.61	
-444.77	28008.84	
-446.10	28075.96	
-447.42	28142.99	
-448.75	28209.92	
-450.08	28276.76	
-451.41	28343.49	
-452.74	28410.13	
-454.06	28476.67	
-455.39	28543.11	
-456.72	28609.45	
-458.05	28675.70	
-459.37	28741.84	
-460.70	28807.89	
-462.03	28873.84	
-463.36	28939.70	
-464.68	29005.45	
-466.01	29071.11	
-467.34	29136.66	
-468.67	29202.12	
-469.99	29267.48	
-471.32	29332.75	
-472.65	29397.91	
-473.98	29462.98	
-475.31	29527.95	
-476.63	29592.82	
-477.96	29657.60	
-479.29	29722.27	
-480.62	29786.85	
-481.94	29851.33	
-483.27	29915.71	
-484.60	29979.99	
-485.93	30044.18	
-487.25	30108.26	
-488.58	30172.25	
-489.91	30236.14	
-491.24	30299.93	
-492.57	30363.63	
-493.89	30427.22	
-495.22	30490.72	
-496.55	30554.12	
-497.88	30617.42	
-499.20	30680.63	
-500.53	30743.73	
-501.86	30806.74	
-503.19	30869.65	
-504.51	30932.46	
-505.84	30995.17	
-507.17	31057.79	
-508.50	31120.31	
-509.82	31182.72	
-511.15	31245.04	
-512.48	31307.27	
-513.81	31369.39	
-515.14	31431.42	
-516.46	31493.35	
-517.79	31555.18	
-519.12	31616.91	
-520.45	31678.54	
-521.77	31740.08	
-523.10	31801.52	
-524.43	31862.86	
-525.76	31924.10	
-527.08	31985.24	
-528.41	32046.29	
-529.74	32107.24	
-531.07	32168.09	
-532.40	32228.84	
-533.72	32289.49	
-535.05	32350.04	
-536.38	32410.50	
-537.71	32470.86	
-539.03	32531.12	
-540.36	32591.28	
-541.69	32651.35	
-543.02	32711.31	
-544.35	32771.18	
-545.67	32830.95	
-547.00	32890.63	
-548.33	32950.20	
-549.66	33009.68	
-550.98	33069.05	
-552.31	33128.34	
-553.64	33187.52	
-554.97	33246.60	
-556.29	33305.59	
-557.62	33364.47	
-558.95	33423.26	
-560.28	33481.95	
-561.61	33540.55	
-562.93	33599.04	
-564.26	33657.44	
-565.59	33715.74	
-566.92	33773.94	
-568.24	33832.04	
-569.57	33890.04	
-570.90	33947.95	
-572.23	34005.76	
-573.55	34063.47	
-574.88	34121.08	
-576.21	34178.60	
-577.54	34236.01	
-578.87	34293.33	
-580.19	34350.55	
-581.52	34407.67	
-582.85	34464.69	
-584.18	34521.62	
-585.50	34578.45	
-586.83	34635.18	
-588.16	34691.81	
-589.49	34748.34	
-590.81	34804.77	
-592.14	34861.11	
-593.47	34917.35	
-594.80	34973.49	
-596.13	35029.53	
-597.45	35085.48	
-598.78	35141.32	
-600.11	35197.07	
-601.44	35252.72	
-602.76	35308.27	
-604.09	35363.73	
-605.42	35419.08	
-606.75	35474.34	
-608.07	35529.50	
-609.40	35584.56	
-610.73	35639.53	
-612.06	35694.39	
-613.39	35749.16	
-614.71	35803.83	
-616.04	35858.40	
-617.37	35912.87	
-618.70	35967.25	
-620.02	36021.52	
-621.35	36075.70	
-622.68	36129.79	
-624.01	36183.77	
-625.33	36237.65	
-626.66	36291.44	
-627.99	36345.13	
-629.32	36398.71	
-630.65	36452.21	
-631.97	36505.60	
-633.30	36558.90	
-634.63	36612.10	
-635.96	36665.20	
-637.28	36718.20	
-638.61	36771.10	
-639.94	36823.90	
-641.27	36876.61	
-642.59	36929.22	
-643.92	36981.73	
-645.25	37034.14	
-646.58	37086.46	
-647.91	37138.68	
-649.23	37190.79	
-650.56	37242.81	
-651.89	37294.73	
-653.22	37346.56	
-654.54	37398.29	
-655.87	37449.91	
-657.20	37501.45	
-658.53	37552.88	
-659.85	37604.21	
-661.18	37655.45	
-662.51	37706.58	
-663.84	37757.62	
-665.17	37808.56	
-666.49	37859.41	
-667.82	37910.15	
-669.15	37960.80	
-670.48	38011.35	
-671.80	38061.80	
-673.13	38112.15	
-674.46	38162.41	
-675.79	38212.56	
-677.11	38262.62	
-678.44	38312.58	
-679.77	38362.45	
-681.10	38412.21	
-682.43	38461.88	
-683.75	38511.45	
-685.08	38560.91	
-686.41	38610.29	
-687.74	38659.56	
-689.06	38708.73	
-690.39	38757.81	
-691.72	38806.79	
-693.05	38855.68	
-694.37	38904.46	
-695.70	38953.14	
-697.03	39001.73	
-698.36	39050.22	
-699.69	39098.61	
-701.01	39146.90	
-702.34	39195.10	
-703.67	39243.20	
-705.00	39291.20	
-706.32	39339.09	
-707.65	39386.89	
-708.98	39434.60	
-710.31	39482.20	
-711.63	39529.71	
-712.96	39577.12	
-714.29	39624.43	
-715.62	39671.65	
-716.95	39718.77	
-718.27	39765.78	
-719.60	39812.70	
-720.93	39859.52	
-722.26	39906.24	
-723.58	39952.87	
-724.91	39999.39	
-726.24	40045.82	
-727.57	40092.16	
-728.90	40138.39	
-730.22	40184.52	
-731.55	40230.56	
-732.88	40276.50	
-734.21	40322.34	
-735.53	40368.08	
-736.86	40413.72	
-738.19	40459.27	
-739.52	40504.72	
-740.84	40550.07	
-742.17	40595.32	
-743.50	40640.47	
-744.83	40685.53	
-746.16	40730.48	
-747.48	40775.34	
-748.81	40820.11	
-750.14	40864.77	
-751.47	40909.34	
-752.79	40953.80	
-754.12	40998.17	
-755.45	41042.44	
-756.78	41086.61	
-758.10	41130.69	
-759.43	41174.66	
-760.76	41218.54	
-762.09	41262.32	
-763.42	41306.01	
-764.74	41349.59	
-766.07	41393.08	
-767.40	41436.46	
-768.73	41479.75	
-770.05	41522.95	
-771.38	41566.04	
-772.71	41609.04	
-774.04	41651.93	
-775.36	41694.73	
-776.69	41737.43	
-778.02	41780.04	
-779.35	41822.54	
-780.68	41864.95	
-782.00	41907.25	
-783.33	41949.46	
-784.66	41991.58	
-785.99	42033.59	
-787.31	42075.51	
-788.64	42117.33	
-789.97	42159.05	
-791.30	42200.67	
-792.62	42242.19	
-793.95	42283.62	
-795.28	42324.95	
-796.61	42366.18	
-797.94	42407.31	
-799.26	42448.34	
-800.59	42489.28	
-801.92	42530.11	
-803.25	42570.85	
-804.57	42611.49	
-805.90	42652.04	
-807.23	42692.48	
-808.56	42732.83	
-809.88	42773.08	
-811.21	42813.23	
-812.54	42853.28	
-813.87	42893.23	
-815.20	42933.09	
-816.52	42972.85	
-817.85	43012.51	
-819.18	43052.07	
-820.51	43091.54	
-821.83	43130.90	
-823.16	43170.17	
-824.49	43209.34	
-825.82	43248.41	
-827.14	43287.38	
-828.47	43326.26	
-829.80	43365.04	
-831.13	43403.71	
-832.46	43442.30	
-833.78	43480.78	
-835.11	43519.16	
-836.44	43557.45	
-837.77	43595.64	
-839.09	43633.73	
-840.42	43671.72	
-841.75	43709.61	
-843.08	43747.41	
-844.40	43785.11	
-845.73	43822.71	
-847.06	43860.21	
-848.39	43897.61	
-849.72	43934.92	
-851.04	43972.13	
-852.37	44009.23	
-853.70	44046.25	
-855.03	44083.16	
-856.35	44119.98	
-857.68	44156.70	
-859.01	44193.31	
-860.34	44229.83	
-861.66	44266.25	
-862.99	44302.58	
-864.32	44338.80	
-865.65	44374.93	
-866.98	44410.96	
-868.30	44446.90	
-869.63	44482.73	
-870.96	44518.47	
-872.29	44554.11	
-873.61	44589.64	
-874.94	44625.09	
-876.27	44660.43	
-877.60	44695.68	
-878.92	44730.82	
-880.25	44765.88	
-881.58	44800.83	
-882.91	44835.68	
-884.24	44870.43	
-885.56	44905.09	
-886.89	44939.65	
-888.22	44974.11	
-889.55	45008.47	
-890.87	45042.74	
-892.20	45076.91	
-893.53	45110.98	
-894.86	45144.95	
-896.18	45178.82	
-897.51	45212.59	
-898.84	45246.27	
-900.17	45279.84	
-901.50	45313.32	
-902.82	45346.71	
-904.15	45379.99	
-905.48	45413.18	
-906.81	45446.26	
-908.13	45479.25	
-909.46	45512.14	
-910.79	45544.93	
-912.12	45577.63	
-913.45	45610.23	
-914.77	45642.73	
-916.10	45675.13	
-917.43	45707.43	
-918.76	45739.63	
-920.08	45771.74	
-921.41	45803.75	
-922.74	45835.66	
-924.07	45867.47	
-925.39	45899.18	
-926.72	45930.80	
-928.05	45962.32	
-929.38	45993.74	
-930.71	46025.06	
-932.03	46056.28	
-933.36	46087.41	
-934.69	46118.43	
-936.02	46149.36	
-937.34	46180.20	
-938.67	46210.93	
-940.00	46241.57	
-941.33	46272.10	
-942.65	46302.54	
-943.98	46332.88	
-945.31	46363.12	
-946.64	46393.27	
-947.97	46423.31	
-949.29	46453.26	
-950.62	46483.11	
-951.95	46512.87	
-953.28	46542.52	
-954.60	46572.07	
-955.93	46601.53	
-957.26	46630.89	
-958.59	46660.15	
-959.91	46689.32	
-961.24	46718.38	
-962.57	46747.35	
-963.90	46776.22	
-965.23	46804.99	
-966.55	46833.66	
-967.88	46862.24	
-969.21	46890.71	
-970.54	46919.09	
-971.86	46947.38	
-973.19	46975.56	
-974.52	47003.64	
-975.85	47031.63	
-977.17	47059.52	
-978.50	47087.30	
-979.83	47115.00	
-981.16	47142.59	
-982.49	47170.09	
-983.81	47197.48	
-985.14	47224.79	
-986.47	47251.99	
-987.80	47279.09	
-989.12	47306.09	
-990.45	47333.00	
-991.78	47359.81	
-993.11	47386.52	
-994.43	47413.13	
-995.76	47439.65	
-997.09	47466.07	
-998.42	47492.39	
-999.75	47518.61	
-1001.07	47544.73	
-1002.40	47570.75	
-1003.73	47596.68	
-1005.06	47622.50	
-1006.38	47648.23	
-1007.71	47673.87	
-1009.04	47699.40	
-1010.37	47724.84	
-1011.69	47750.18	
-1013.02	47775.41	
-1014.35	47800.55	
-1015.68	47825.60	
-1017.01	47850.54	
-1018.33	47875.39	
-1019.66	47900.14	
-1020.99	47924.79	
-1022.32	47949.35	
-1023.64	47973.80	
-1024.97	47998.16	
-1026.30	48022.41	
-1027.63	48046.57	
-1028.95	48070.64	
-1030.28	48094.60	
-1031.61	48118.47	
-1032.94	48142.24	
-1034.27	48165.91	
-1035.59	48189.48	
-1036.92	48212.95	
-1038.25	48236.33	
-1039.58	48259.61	
-1040.90	48282.79	
-1042.23	48305.87	
-1043.56	48328.85	
-1044.89	48351.74	
-1046.21	48374.52	
-1047.54	48397.21	
-1048.87	48419.80	
-1050.20	48442.29	
-1051.52	48464.69	
-1052.85	48486.98	
-1054.18	48509.18	
-1055.51	48531.29	
-1056.83	48553.29	
-1058.16	48575.19	
-1059.49	48597.00	
-1060.82	48618.70	
-1062.15	48640.31	
-1063.47	48661.82	
-1064.80	48683.24	
-1066.13	48704.55	
-1067.46	48725.77	
-1068.78	48746.89	
-1070.11	48767.91	
-1071.44	48788.84	
-1072.77	48809.66	
-1074.09	48830.39	
-1075.42	48851.02	
-1076.75	48871.55	
-1078.08	48891.98	
-1079.40	48912.32	
-1080.73	48932.55	
-1082.06	48952.69	
-1083.39	48972.73	
-1084.72	48992.67	
-1086.04	49012.52	
-1087.37	49032.26	
-1088.70	49051.91	
-1090.03	49071.46	
-1091.35	49090.91	
-1092.68	49110.27	
-1094.01	49129.52	
-1095.34	49148.68	
-1096.66	49167.74	
-1097.99	49186.70	
-1099.32	49205.56	
-1100.65	49224.33	
-1101.97	49243.00	
-1103.30	49261.57	
-1104.63	49280.04	
-1105.96	49298.41	
-1107.29	49316.68	
-1108.61	49334.86	
-1109.94	49352.94	
-1111.27	49370.92	
-1112.60	49388.80	
-1113.92	49406.59	
-1115.25	49424.27	
-1116.58	49441.86	
-1117.91	49459.35	
-1119.23	49476.74	
-1120.56	49494.03	
-1121.89	49511.23	
-1123.22	49528.32	
-1124.54	49545.32	
-1125.87	49562.23	
-1127.20	49579.03	
-1128.53	49595.73	
-1129.85	49612.34	
-1131.18	49628.85	
-1132.51	49645.26	
-1133.84	49661.57	
-1135.17	49677.79	
-1136.49	49693.90	
-1137.82	49709.92	
-1139.15	49725.84	
-1140.48	49741.66	
-1141.80	49757.39	
-1143.13	49773.01	
-1144.46	49788.54	
-1145.79	49803.97	
-1147.11	49819.30	
-1148.44	49834.54	
-1149.77	49849.67	
-1151.10	49864.71	
-1152.42	49879.65	
-1153.75	49894.49	
-1155.08	49909.23	
-1156.41	49923.88	
-1157.74	49938.42	
-1159.06	49952.87	
-1160.39	49967.22	
-1161.72	49981.48	
-1163.05	49995.63	
-1164.37	50009.69	
-1165.70	50023.64	
-1167.03	50037.50	
-1168.36	50051.27	
-1169.68	50064.93	
-1171.01	50078.50	
-1172.34	50091.96	
-1173.67	50105.34	
-1174.99	50118.61	
-1176.32	50131.78	
-1177.65	50144.86	
-1178.98	50157.83	
-1180.31	50170.71	
-1181.63	50183.49	
-1182.96	50196.18	
-1184.29	50208.76	
-1185.62	50221.25	
-1186.94	50233.64	
-1188.27	50245.93	
-1189.60	50258.12	
-1190.93	50270.21	
-1192.25	50282.21	
-1193.58	50294.11	
-1194.91	50305.91	
-1196.24	50317.61	
-1197.56	50329.21	
-1198.89	50340.72	
-1200.22	50352.13	
-1201.55	50363.43	
-1202.87	50374.64	
-1204.20	50385.76	
-1205.53	50396.77	
-1206.86	50407.69	
-1208.19	50418.51	
-1209.51	50429.23	
-1210.84	50439.86	
-1212.17	50450.38	
-1213.50	50460.80	
-1214.82	50471.13	
-1216.15	50481.36	
-1217.48	50491.50	
-1218.81	50501.53	
-1220.13	50511.47	
-1221.46	50521.31	
-1222.79	50531.05	
-1224.12	50540.69	
-1225.44	50550.23	
-1226.77	50559.68	
-1228.10	50569.02	
-1229.43	50578.27	
-1230.76	50587.43	
-1232.08	50596.48	
-1233.41	50605.44	
-1234.74	50614.29	
-1236.07	50623.05	
-1237.39	50631.71	
-1238.72	50640.27	
-1240.05	50648.74	
-1241.38	50657.11	
-1242.70	50665.38	
-1244.03	50673.55	
-1245.36	50681.62	
-1246.69	50689.59	
-1248.01	50697.47	
-1249.34	50705.25	
-1250.67	50712.93	
-1252.00	50720.51	
-1253.33	50727.99	
-1254.65	50735.38	
-1255.98	50742.67	
-1257.31	50749.86	
-1258.64	50756.95	
-1259.96	50763.94	
-1261.29	50770.83	
-1262.62	50777.63	
-1263.95	50784.33	
-1265.27	50790.93	
-1266.60	50797.43	
-1267.93	50803.84	
-1269.26	50810.14	
-1270.58	50816.35	
-1271.91	50822.46	
-1273.24	50828.47	
-1274.57	50834.39	
-1275.89	50840.20	
-1277.22	50845.92	
-1278.55	50851.54	
-1279.88	50857.07	
-1281.21	50862.49	
-1282.53	50867.81	
-1283.86	50873.04	
-1285.19	50878.17	
-1286.52	50883.20	
-1287.84	50888.13	
-1289.17	50892.97	
-1290.50	50897.71	
-1291.83	50902.35	
-1293.15	50906.89	
-1294.48	50911.33	
-1295.81	50915.67	
-1297.14	50919.92	
-1298.46	50924.07	
-1299.79	50928.12	
-1301.12	50932.07	
-1302.45	50935.93	
-1303.78	50939.68	
-1305.10	50943.34	
-1306.43	50946.90	
-1307.76	50950.36	
-1309.09	50953.72	
-1310.41	50956.99	
-1311.74	50960.16	
-1313.07	50963.23	
-1314.40	50966.20	
-1315.72	50969.07	
-1317.05	50971.85	
-1318.38	50974.52	
-1319.71	50977.10	
-1321.03	50979.58	
-1322.36	50981.96	
-1323.69	50984.25	
-1325.02	50986.44	
-1326.35	50988.53	
-1327.67	50990.52	
-1329.00	50992.41	
-1330.33	50994.20	
-1331.66	50995.89	
-1332.98	50997.49	
-1334.31	50998.99	
-1335.64	51000.39	
-1336.97	51001.70	
-1338.29	51002.91	
-1339.62	51004.01	
-1340.95	51005.02	
-1342.28	51005.93	
-1343.60	51006.74	
-1344.93	51007.46	
-1346.26	51008.07	
-1347.59	51008.59	
-1348.91	51009.02	
-1350.24	51009.34	
-1351.57	51009.56	
-1352.90	51009.69	
-1354.23	51009.71	
-1355.55	51009.64	
-1356.88	51009.48	
-1358.21	51009.21	
-1359.54	51008.85	
-1360.86	51008.39	
-1362.19	51007.83	
-1363.52	51007.17	
-1364.85	51006.41	
-1366.17	51005.55	
-1367.50	51004.60	
-1368.83	51003.55	
-1370.16	51002.40	
-1371.48	51001.16	
-1372.81	50999.81	
-1374.14	50998.37	
-1375.47	50996.83	
-1376.80	50995.19	
-1378.12	50993.45	
-1379.45	50991.61	
-1380.78	50989.68	
-1382.11	50987.65	
-1383.43	50985.52	
-1384.76	50983.29	
-1386.09	50980.97	
-1387.42	50978.54	
-1388.74	50976.02	
-1390.07	50973.40	
-1391.40	50970.68	
-1392.73	50967.86	
-1394.05	50964.95	
-1395.38	50961.94	
-1396.71	50958.83	
-1398.04	50955.62	
-1399.37	50952.31	
-1400.69	50948.90	
-1402.02	50945.40	
-1403.35	50941.80	
-1404.68	50938.10	
-1406.00	50934.30	
-1407.33	50930.41	
-1408.66	50926.41	
-1409.99	50922.32	
-1411.31	50918.13	
-1412.64	50913.84	
-1413.97	50909.45	
-1415.30	50904.97	
-1416.62	50900.39	
-1417.95	50895.71	
-1419.28	50890.93	
-1420.61	50886.05	
-1421.93	50881.08	
-1423.26	50876.00	
-1424.59	50870.83	
-1425.92	50865.56	
-1427.25	50860.20	
-1428.57	50854.73	
-1429.90	50849.17	
-1431.23	50843.51	
-1432.56	50837.75	
-1433.88	50831.89	
-1435.21	50825.93	
-1436.54	50819.88	
-1437.87	50813.73	
-1439.19	50807.48	
-1440.52	50801.13	
-1441.85	50794.68	
-1443.18	50788.14	
-1444.50	50781.50	
-1445.83	50774.76	
-1447.16	50767.92	
-1448.49	50760.98	
-1449.82	50753.95	
-1451.14	50746.81	
-1452.47	50739.58	
-1453.80	50732.25	
-1455.13	50724.83	
-1456.45	50717.30	
-1457.78	50709.68	
-1459.11	50701.96	
-1460.44	50694.14	
-1461.76	50686.22	
-1463.09	50678.20	
-1464.42	50670.09	
-1465.75	50661.88	
-1467.07	50653.57	
-1468.40	50645.16	
-1469.73	50636.65	
-1471.06	50628.05	
-1472.39	50619.34	
-1473.71	50610.54	
-1475.04	50601.64	
-1476.37	50592.65	
-1477.70	50583.55	
-1479.02	50574.36	
-1480.35	50565.07	
-1481.68	50555.68	
-1483.01	50546.19	
-1484.33	50536.61	
-1485.66	50526.92	
-1486.99	50517.14	
-1488.32	50507.26	
-1489.64	50497.29	
-1490.97	50487.21	
-1492.30	50477.04	
-1493.63	50466.76	
-1494.95	50456.39	
-1496.28	50445.92	
-1497.61	50435.36	
-1498.94	50424.69	
-1500.27	50413.93	
-1501.59	50403.07	
-1502.92	50392.11	
-1504.25	50381.05	
-1505.58	50369.90	
-1506.90	50358.64	
-1508.23	50347.29	
-1509.56	50335.84	
-1510.89	50324.30	
-1512.21	50312.65	
-1513.54	50300.91	
-1514.87	50289.07	
-1516.20	50277.13	
-1517.52	50265.09	
-1518.85	50252.95	
-1520.18	50240.72	
-1521.51	50228.39	
-1522.84	50215.96	
-1524.16	50203.43	
-1525.49	50190.80	
-1526.82	50178.08	
-1528.15	50165.26	
-1529.47	50152.34	
-1530.80	50139.32	
-1532.13	50126.20	
-1533.46	50112.98	
-1534.78	50099.67	
-1536.11	50086.26	
-1537.44	50072.75	
-1538.77	50059.14	
-1540.09	50045.44	
-1541.42	50031.63	
-1542.75	50017.73	
-1544.08	50003.73	
-1545.41	49989.63	
-1546.73	49975.44	
-1548.06	49961.14	
-1549.39	49946.75	
-1550.72	49932.26	
-1552.04	49917.67	
-1553.37	49902.98	
-1554.70	49888.20	
-1556.03	49873.32	
-1557.35	49858.34	
-1558.68	49843.26	
-1560.01	49828.08	
-1561.34	49812.81	
-1562.66	49797.43	
-1563.99	49781.96	
-1565.32	49766.39	
-1566.65	49750.72	
-1567.97	49734.96	
-1569.30	49719.09	
-1570.63	49703.13	
-1571.96	49687.07	
-1573.29	49670.92	
-1574.61	49654.66	
-1575.94	49638.30	
-1577.27	49621.85	
-1578.60	49605.30	
-1579.92	49588.65	
-1581.25	49571.91	
-1582.58	49555.06	
-1583.91	49538.12	
-1585.23	49521.08	
-1586.56	49503.94	
-1587.89	49486.70	
-1589.22	49469.37	
-1590.54	49451.93	
-1591.87	49434.40	
-1593.20	49416.77	
-1594.53	49399.05	
-1595.86	49381.22	
-1597.18	49363.30	
-1598.51	49345.28	
-1599.84	49327.16	
-1601.17	49308.94	
-1602.49	49290.62	
-1603.82	49272.21	
-1605.15	49253.70	
-1606.48	49235.09	
-1607.80	49216.38	
-1609.13	49197.57	
-1610.46	49178.66	
-1611.79	49159.66	
-1613.11	49140.56	
-1614.44	49121.36	
-1615.77	49102.06	
-1617.10	49082.67	
-1618.43	49063.18	
-1619.75	49043.59	
-1621.08	49023.89	
-1622.41	49004.11	
-1623.74	48984.22	
-1625.06	48964.23	
-1626.39	48944.15	
-1627.72	48923.97	
-1629.05	48903.70	
-1630.37	48883.32	
-1631.70	48862.85	
-1633.03	48842.27	
-1634.36	48821.60	
-1635.68	48800.83	
-1637.01	48779.96	
-1638.34	48759.00	
-1639.67	48737.94	
-1640.99	48716.78	
-1642.32	48695.52	
-1643.65	48674.16	
-1644.98	48652.71	
-1646.31	48631.15	
-1647.63	48609.50	
-1648.96	48587.75	
-1650.29	48565.90	
-1651.62	48543.96	
-1652.94	48521.91	
-1654.27	48499.77	
-1655.60	48477.54	
-1656.93	48455.20	
-1658.25	48432.76	
-1659.58	48410.22	
-1660.91	48387.59	
-1662.24	48364.86	
-1663.56	48342.03	
-1664.89	48319.11	
-1666.22	48296.08	
-1667.55	48272.96	
-1668.88	48249.74	
-1670.20	48226.42	
-1671.53	48203.00	
-1672.86	48179.48	
-1674.19	48155.87	
-1675.51	48132.16	
-1676.84	48108.35	
-1678.17	48084.45	
-1679.50	48060.44	
-1680.82	48036.33	
-1682.15	48012.13	
-1683.48	47987.83	
-1684.81	47963.43	
-1686.13	47938.93	
-1687.46	47914.34	
-1688.79	47889.65	
-1690.12	47864.86	
-1691.45	47839.97	
-1692.77	47814.98	
-1694.10	47789.89	
-1695.43	47764.71	
-1696.76	47739.43	
-1698.08	47714.05	
-1699.41	47688.57	
-1700.74	47663.00	
-1702.07	47637.33	
-1703.39	47611.55	
-1704.72	47585.68	
-1706.05	47559.71	
-1707.38	47533.65	
-1708.70	47507.48	
-1710.03	47481.22	
-1711.36	47454.86	
-1712.69	47428.41	
-1714.02	47401.85	
-1715.34	47375.20	
-1716.67	47348.44	
-1718.00	47321.59	
-1719.33	47294.64	
-1720.65	47267.59	
-1721.98	47240.45	
-1723.31	47213.21	
-1724.64	47185.87	
-1725.96	47158.43	
-1727.29	47130.89	
-1728.62	47103.25	
-1729.95	47075.52	
-1731.27	47047.68	
-1732.60	47019.75	
-1733.93	46991.73	
-1735.26	46963.60	
-1736.58	46935.38	
-1737.91	46907.05	
-1739.24	46878.63	
-1740.57	46850.11	
-1741.90	46821.50	
-1743.22	46792.78	
-1744.55	46763.97	
-1745.88	46735.06	
-1747.21	46706.05	
-1748.53	46676.95	
-1749.86	46647.74	
-1751.19	46618.43	
-1752.52	46589.03	
-1753.84	46559.53	
-1755.17	46529.93	
-1756.50	46500.24	
-1757.83	46470.45	
-1759.15	46440.55	
-1760.48	46410.57	
-1761.81	46380.48	
-1763.14	46350.29	
-1764.47	46320.00	
-1765.79	46289.62	
-1767.12	46259.14	
-1768.45	46228.56	
-1769.78	46197.89	
-1771.10	46167.11	
-1772.43	46136.24	
-1773.76	46105.27	
-1775.09	46074.20	
-1776.41	46043.03	
-1777.74	46011.76	
-1779.07	45980.40	
-1780.40	45948.94	
-1781.72	45917.38	
-1783.05	45885.72	
-1784.38	45853.96	
-1785.71	45822.11	
-1787.04	45790.16	
-1788.36	45758.11	
-1789.69	45725.96	
-1791.02	45693.71	
-1792.35	45661.37	
-1793.67	45628.93	
-1795.00	45596.39	
-1796.33	45563.75	
-1797.66	45531.01	
-1798.98	45498.17	
-1800.31	45465.24	
-1801.64	45432.21	
-1802.97	45399.08	
-1804.29	45365.85	
-1805.62	45332.53	
-1806.95	45299.10	
-1808.28	45265.58	
-1809.60	45231.96	
-1810.93	45198.24	
-1812.26	45164.42	
-1813.59	45130.51	
-1814.92	45096.50	
-1816.24	45062.39	
-1817.57	45028.18	
-1818.90	44993.87	
-1820.23	44959.46	
-1821.55	44924.96	
-1822.88	44890.36	
-1824.21	44855.66	
-1825.54	44820.86	
-1826.86	44785.97	
-1828.19	44750.98	
-1829.52	44715.89	
-1830.85	44680.70	
-1832.17	44645.41	
-1833.50	44610.02	
-1834.83	44574.54	
-1836.16	44538.95	
-1837.49	44503.27	
-1838.81	44467.50	
-1840.14	44431.62	
-1841.47	44395.64	
-1842.80	44359.57	
-1844.12	44323.40	
-1845.45	44287.13	
-1846.78	44250.76	
-1848.11	44214.30	
-1849.43	44177.73	
-1850.76	44141.07	
-1852.09	44104.32	
-1853.42	44067.46	
-1854.74	44030.50	
-1856.07	43993.45	
-1857.40	43956.29	
-1858.73	43919.04	
-1860.06	43881.70	
-1861.38	43844.25	
-1862.71	43806.71	
-1864.04	43769.07	
-1865.37	43731.32	
-1866.69	43693.48	
-1868.02	43655.55	
-1869.35	43617.51	
-1870.68	43579.38	
-1872.00	43541.15	
-1873.33	43502.82	
-1874.66	43464.39	
-1875.99	43425.87	
-1877.31	43387.24	
-1878.64	43348.52	
-1879.97	43309.70	
-1881.30	43270.78	
-1882.62	43231.77	
-1883.95	43192.65	
-1885.28	43153.44	
-1886.61	43114.13	
-1887.94	43074.72	
-1889.26	43035.21	
-1890.59	42995.61	
-1891.92	42955.91	
-1893.25	42916.11	
-1894.57	42876.21	
-1895.90	42836.21	
-1897.23	42796.12	
-1898.56	42755.93	
-1899.88	42715.63	
-1901.21	42675.24	
-1902.54	42634.75	
-1903.87	42594.17	
-1905.19	42553.48	
-1906.52	42512.70	
-1907.85	42471.82	
-1909.18	42430.85	
-1910.51	42389.77	
-1911.83	42348.59	
-1913.16	42307.32	
-1914.49	42265.95	
-1915.82	42224.48	
-1917.14	42182.91	
-1918.47	42141.25	
-1919.80	42099.49	
-1921.13	42057.63	
-1922.45	42015.67	
-1923.78	41973.61	
-1925.11	41931.45	
-1926.44	41889.20	
-1927.76	41846.85	
-1929.09	41804.40	
-1930.42	41761.85	
-1931.75	41719.21	
-1933.08	41676.46	
-1934.40	41633.62	
-1935.73	41590.68	
-1937.06	41547.64	
-1938.39	41504.50	
-1939.71	41461.27	
-1941.04	41417.94	
-1942.37	41374.51	
-1943.70	41330.98	
-1945.02	41287.35	
-1946.35	41243.63	
-1947.68	41199.80	
-1949.01	41155.88	
-1950.33	41111.86	
-1951.66	41067.74	
-1952.99	41023.53	
-1954.32	40979.21	
-1955.64	40934.80	
-1956.97	40890.29	
-1958.30	40845.68	
-1959.63	40800.98	
-1960.96	40756.17	
-1962.28	40711.27	
-1963.61	40666.27	
-1964.94	40621.17	
-1966.27	40575.98	
-1967.59	40530.68	
-1968.92	40485.29	
-1970.25	40439.80	
-1971.58	40394.21	
-1972.90	40348.52	
-1974.23	40302.73	
-1975.56	40256.85	
-1976.89	40210.87	
-1978.21	40164.79	
-1979.54	40118.62	
-1980.87	40072.34	
-1982.20	40025.96	
-1983.53	39979.49	
-1984.85	39932.92	
-1986.18	39886.25	
-1987.51	39839.49	
-1988.84	39792.63	
-1990.16	39745.66	
-1991.49	39698.60	
-1992.82	39651.44	
-1994.15	39604.18	
-1995.47	39556.83	
-1996.80	39509.38	
-1998.13	39461.82	
-1999.46	39414.18	
-2000.78	39366.43	
-2002.11	39318.59	
-2003.44	39270.64	
-2004.77	39222.60	
-2006.10	39174.46	
-2007.42	39126.22	
-2008.75	39077.88	
-2010.08	39029.45	
-2011.41	38980.92	
-2012.73	38932.29	
-2014.06	38883.56	
-2015.39	38834.73	
-2016.72	38785.81	
-2018.04	38736.79	
-2019.37	38687.66	
-2020.70	38638.45	
-2022.03	38589.13	
-2023.35	38539.71	
-2024.68	38490.20	
-2026.01	38440.59	
-2027.34	38390.88	
-2028.66	38341.07	
-2029.99	38291.16	
-2031.32	38241.16	
-2032.65	38191.06	
-2033.98	38140.86	
-2035.30	38090.56	
-2036.63	38040.17	
-2037.96	37989.67	
-2039.29	37939.08	
-2040.61	37888.39	
-2041.94	37837.60	
-2043.27	37786.71	
-2044.60	37735.73	
-2045.92	37684.64	
-2047.25	37633.46	
-2048.58	37582.19	
-2049.91	37530.81	
-2051.23	37479.33	
-2052.56	37427.76	
-2053.89	37376.09	
-2055.22	37324.32	
-2056.55	37272.45	
-2057.87	37220.48	
-2059.20	37168.42	
-2060.53	37116.26	
-2061.86	37064.00	
-2063.18	37011.64	
-2064.51	36959.18	
-2065.84	36906.63	
-2067.17	36853.97	
-2068.49	36801.22	
-2069.82	36748.38	
-2071.15	36695.43	
-2072.48	36642.38	
-2073.80	36589.24	
-2075.13	36536.00	
-2076.46	36482.66	
-2077.79	36429.22	
-2079.12	36375.68	
-2080.44	36322.05	
-2081.77	36268.32	
-2083.10	36214.49	
-2084.43	36160.56	
-2085.75	36106.54	
-2087.08	36052.41	
-2088.41	35998.19	
-2089.74	35943.87	
-2091.06	35889.45	
-2092.39	35834.93	
-2093.72	35780.32	
-2095.05	35725.61	
-2096.37	35670.79	
-2097.70	35615.88	
-2099.03	35560.88	
-2100.36	35505.77	
-2101.69	35450.57	
-2103.01	35395.27	
-2104.34	35339.87	
-2105.67	35284.37	
-2107.00	35228.77	
-2108.32	35173.08	
-2109.65	35117.29	
-2110.98	35061.39	
-2112.31	35005.41	
-2113.63	34949.32	
-2114.96	34893.14	
-2116.29	34836.86	
-2117.62	34780.48	
-2118.94	34724.00	
-2120.27	34667.42	
-2121.60	34610.74	
-2122.93	34553.97	
-2124.25	34497.10	
-2125.58	34440.13	
-2126.91	34383.06	
-2128.24	34325.90	
-2129.57	34268.63	
-2130.89	34211.27	
-2132.22	34153.81	
-2133.55	34096.25	
-2134.88	34038.59	
-2136.20	33980.84	
-2137.53	33922.99	
-2138.86	33865.04	
-2140.19	33806.99	
-2141.51	33748.84	
-2142.84	33690.60	
-2144.17	33632.25	
-2145.50	33573.81	
-2146.82	33515.27	
-2148.15	33456.64	
-2149.48	33397.90	
-2150.81	33339.07	
-2152.14	33280.14	
-2153.46	33221.11	
-2154.79	33161.98	
-2156.12	33102.75	
-2157.45	33043.43	
-2158.77	32984.01	
-2160.10	32924.49	
-2161.43	32864.87	
-2162.76	32805.16	
-2164.08	32745.34	
-2165.41	32685.43	
-2166.74	32625.42	
-2168.07	32565.31	
-2169.39	32505.10	
-2170.72	32444.80	
-2172.05	32384.40	
-2173.38	32323.89	
-2174.71	32263.29	
-2176.03	32202.60	
-2177.36	32141.80	
-2178.69	32080.91	
-2180.02	32019.92	
-2181.34	31958.83	
-2182.67	31897.64	
-2184.00	31836.35	
-2185.33	31774.97	
-2186.65	31713.49	
-2187.98	31651.91	
-2189.31	31590.23	
-2190.64	31528.45	
-2191.96	31466.58	
-2193.29	31404.60	
-2194.62	31342.53	
-2195.95	31280.36	
-2197.27	31218.10	
-2198.60	31155.73	
-2199.93	31093.27	
-2201.26	31030.71	
-2202.59	30968.05	
-2203.91	30905.29	
-2205.24	30842.43	
-2206.57	30779.48	
-2207.90	30716.43	
-2209.22	30653.28	
-2210.55	30590.03	
-2211.88	30526.68	
-2213.21	30463.24	
-2214.53	30399.70	
-2215.86	30336.05	
-2217.19	30272.32	
-2218.52	30208.48	
-2219.84	30144.54	
-2221.17	30080.51	
-2222.50	30016.38	
-2223.83	29952.15	
-2225.16	29887.82	
-2226.48	29823.40	
-2227.81	29758.88	
-2229.14	29694.25	
-2230.47	29629.53	
-2231.79	29564.71	
-2233.12	29499.80	
-2234.45	29434.79	
-2235.78	29369.67	
-2237.10	29304.46	
-2238.43	29239.15	
-2239.76	29173.75	
-2241.09	29108.24	
-2242.41	29042.64	
-2243.74	28976.94	
-2245.07	28911.14	
-2246.40	28845.24	
-2247.73	28779.25	
-2249.05	28713.15	
-2250.38	28646.96	
-2251.71	28580.67	
-2253.04	28514.29	
-2254.36	28447.80	
-2255.69	28381.22	
-2257.02	28314.54	
-2258.35	28247.76	
-2259.67	28180.88	
-2261.00	28113.90	
-2262.33	28046.83	
-2263.66	27979.65	
-2264.98	27912.38	
-2266.31	27845.02	
-2267.64	27777.55	
-2268.97	27709.98	
-2270.29	27642.32	
-2271.62	27574.56	
-2272.95	27506.70	
-2274.28	27438.74	
-2275.61	27370.69	
-2276.93	27302.54	
-2278.26	27234.28	
-2279.59	27165.93	
-2280.92	27097.49	
-2282.24	27028.94	
-2283.57	26960.30	
-2284.90	26891.55	
-2286.23	26822.71	
-2287.55	26753.78	
-2288.88	26684.74	
-2290.21	26615.61	
-2291.54	26546.37	
-2292.86	26477.04	
-2294.19	26407.61	
-2295.52	26338.09	
-2296.85	26268.46	
-2298.18	26198.74	
-2299.50	26128.92	
-2300.83	26059.00	
-2302.16	25988.98	
-2303.49	25918.87	
-2304.81	25848.65	
-2306.14	25778.34	
-2307.47	25707.93	
-2308.80	25637.42	
-2310.12	25566.82	
-2311.45	25496.11	
-2312.78	25425.31	
-2314.11	25354.41	
-2315.43	25283.41	
-2316.76	25212.31	
-2318.09	25141.12	
-2319.42	25069.83	
-2320.75	24998.44	
-2322.07	24926.95	
-2323.40	24855.36	
-2324.73	24783.67	
-2326.06	24711.89	
-2327.38	24640.01	
-2328.71	24568.03	
-2330.04	24495.95	
-2331.37	24423.78	
-2332.69	24351.50	
-2334.02	24279.13	
-2335.35	24206.66	
-2336.68	24134.09	
-2338.00	24061.43	
-2339.33	23988.66	
-2340.66	23915.80	
-2341.99	23842.84	
-2343.31	23769.78	
-2344.64	23696.62	
-2345.97	23623.37	
-2347.30	23550.01	
-2348.63	23476.56	
-2349.95	23403.01	
-2351.28	23329.37	
-2352.61	23255.62	
-2353.94	23181.78	
-2355.26	23107.84	
-2356.59	23033.80	
-2357.92	22959.66	
-2359.25	22885.42	
-2360.57	22811.09	
-2361.90	22736.66	
-2363.23	22662.13	
-2364.56	22587.50	
-2365.88	22512.77	
-2367.21	22437.95	
-2368.54	22363.02	
-2369.87	22288.00	
-2371.20	22212.88	
-2372.52	22137.67	
-2373.85	22062.35	
-2375.18	21986.94	
-2376.51	21911.43	
-2377.83	21835.82	
-2379.16	21760.11	
-2380.49	21684.30	
-2381.82	21608.40	
-2383.14	21532.40	
-2384.47	21456.30	
-2385.80	21380.10	
-2387.13	21303.80	
-2388.45	21227.41	
-2389.78	21150.92	
-2391.11	21074.33	
-2392.44	20997.64	
-2393.77	20920.85	
-2395.09	20843.96	
-2396.42	20766.98	
-2397.75	20689.90	
-2399.08	20612.72	
-2400.40	20535.44	
-2401.73	20458.07	
-2403.06	20380.60	
-2404.39	20303.02	
-2405.71	20225.35	
-2407.04	20147.59	
-2408.37	20069.72	
-2409.70	19991.76	
-2411.02	19913.69	
-2412.35	19835.53	
-2413.68	19757.28	
-2415.01	19678.92	
-2416.33	19600.46	
-2417.66	19521.91	
-2418.99	19443.26	
-2420.32	19364.51	
-2421.65	19285.66	
-2422.97	19206.72	
-2424.30	19127.68	
-2425.63	19048.54	
-2426.96	18969.29	
-2428.28	18889.96	
-2429.61	18810.52	
-2430.94	18730.99	
-2432.27	18651.36	
-2433.59	18571.63	
-2434.92	18491.80	
-2436.25	18411.87	
-2437.58	18331.85	
-2438.90	18251.72	
-2440.23	18171.50	
-2441.56	18091.19	
-2442.89	18010.77	
-2444.22	17930.25	
-2445.54	17849.64	
-2446.87	17768.93	
-2448.20	17688.12	
-2449.53	17607.21	
-2450.85	17526.21	
-2452.18	17445.10	
-2453.51	17363.90	
-2454.84	17282.60	
-2456.16	17201.21	
-2457.49	17119.71	
-2458.82	17038.12	
-2460.15	16956.42	
-2461.47	16874.63	
-2462.80	16792.74	
-2464.13	16710.76	
-2465.46	16628.67	
-2466.79	16546.49	
-2468.11	16464.21	
-2469.44	16381.83	
-2470.77	16299.35	
-2472.10	16216.78	
-2473.42	16134.11	
-2474.75	16051.33	
-2476.08	15968.46	
-2477.41	15885.50	
-2478.73	15802.43	
-2480.06	15719.27	
-2481.39	15636.01	
-2482.72	15552.65	
-2484.04	15469.19	
-2485.37	15385.63	
-2486.70	15301.98	
-2488.03	15218.23	
-2489.35	15134.38	
-2490.68	15050.43	
-2492.01	14966.38	
-2493.34	14882.24	
-2494.67	14797.99	
-2495.99	14713.65	
-2497.32	14629.21	
-2498.65	14544.67	
-2499.98	14460.04	
-2501.30	14375.31	
-2502.63	14290.47	
-2503.96	14205.54	
-2505.29	14120.52	
-2506.61	14035.39	
-2507.94	13950.17	
-2509.27	13864.85	
-2510.60	13779.43	
-2511.92	13693.91	
-2513.25	13608.29	
-2514.58	13522.58	
-2515.91	13436.76	
-2517.24	13350.85	
-2518.56	13264.84	
-2519.89	13178.74	
-2521.22	13092.53	
-2522.55	13006.23	
-2523.87	12919.83	
-2525.20	12833.33	
-2526.53	12746.73	
-2527.86	12660.04	
-2529.18	12573.24	
-2530.51	12486.35	
-2531.84	12399.36	
-2533.17	12312.27	
-2534.49	12225.09	
-2535.82	12137.80	
-2537.15	12050.42	
-2538.48	11962.94	
-2539.81	11875.36	
-2541.13	11787.69	
-2542.46	11699.91	
-2543.79	11612.04	
-2545.12	11524.07	
-2546.44	11436.00	
-2547.77	11347.83	
-2549.10	11259.57	
-2550.43	11171.20	
-2551.75	11082.74	
-2553.08	10994.18	
-2554.41	10905.52	
-2555.74	10816.77	
-2557.06	10727.92	
-2558.39	10638.96	
-2559.72	10549.91	
-2561.05	10460.76	
-2562.38	10371.52	
-2563.70	10282.17	
-2565.03	10192.73	
-2566.36	10103.19	
-2567.69	10013.55	
-2569.01	9923.82	
-2570.34	9833.98	
-2571.67	9744.05	
-2573.00	9654.02	
-2574.32	9563.89	
-2575.65	9473.66	
-2576.98	9383.33	
-2578.31	9292.91	
-2579.63	9202.39	
-2580.96	9111.77	
-2582.29	9021.05	
-2583.62	8930.24	
-2584.94	8839.32	
-2586.27	8748.31	
-2587.60	8657.20	
-2588.93	8565.99	
-2590.26	8474.68	
-2591.58	8383.28	
-2592.91	8291.78	
-2594.24	8200.18	
-2595.57	8108.48	
-2596.89	8016.68	
-2598.22	7924.79	
-2599.55	7832.79	
-2600.88	7740.70	
-2602.20	7648.51	
-2603.53	7556.22	
-2604.86	7463.84	
-2606.19	7371.35	
-2607.51	7278.77	
-2608.84	7186.09	
-2610.17	7093.31	
-2611.50	7000.44	
-2612.83	6907.46	
-2614.15	6814.39	
-2615.48	6721.22	
-2616.81	6627.95	
-2618.14	6534.59	
-2619.46	6441.12	
-2620.79	6347.56	
-2622.12	6253.90	
-2623.45	6160.14	
-2624.77	6066.28	
-2626.10	5972.33	
-2627.43	5878.27	
-2628.76	5784.12	
-2630.08	5689.87	
-2631.41	5595.52	
-2632.74	5501.08	
-2634.07	5406.53	
-2635.40	5311.89	
-2636.72	5217.15	
-2638.05	5122.31	
-2639.38	5027.38	
-2640.71	4932.34	
-2642.03	4837.21	
-2643.36	4741.98	
-2644.69	4646.65	
-2646.02	4551.22	
-2647.34	4455.70	
-2648.67	4360.08	
-2650.00	4264.35	
-2651.33	4168.53	
-2652.65	4072.62	
-2653.98	3976.60	
-2655.31	3880.49	
-2656.64	3784.28	
-2657.96	3687.97	
-2659.29	3591.56	
-2660.62	3495.05	
-2661.95	3398.45	
-2663.28	3301.75	
-2664.60	3204.95	
-2665.93	3108.05	
-2667.26	3011.05	
-2668.59	2913.96	
-2669.91	2816.76	
-2671.24	2719.47	
-2672.57	2622.08	
-2673.90	2524.60	
-2675.22	2427.01	
-2676.55	2329.33	
-2677.88	2231.55	
-2679.21	2133.67	
-2680.53	2035.69	
-2681.86	1937.61	
-2683.19	1839.44	
-2684.52	1741.17	
-2685.85	1642.80	
-2687.17	1544.33	
-2688.50	1445.76	
-2689.83	1347.10	
-2691.16	1248.33	
-2692.48	1149.47	
-2693.81	1050.52	
-2695.14	951.46	
-2696.47	852.30	
-2697.79	753.05	
-2699.12	653.70	
-2700.45	554.25	
-2701.78	454.70	
-2703.10	355.06	
-2704.43	255.31	
-2705.76	155.47	
-2707.09	55.53	
