-0.00	50.00
-0.10	50.00
-0.20	50.00
-0.29	50.00
-0.39	50.00
-0.49	49.99
-0.59	49.99
-0.69	49.99
-0.78	49.99
-0.88	49.98
-0.98	49.98
-1.08	49.97
-1.18	49.97
-1.27	49.96
-1.37	49.96
-1.47	49.95
-1.57	49.95
-1.67	49.94
-1.76	49.93
-1.86	49.92
-1.96	49.91
-2.06	49.91
-2.16	49.90
-2.26	49.89
-2.35	49.88
-2.45	49.87
-2.55	49.86
-2.65	49.84
-2.75	49.83
-2.84	49.82
-2.94	49.81
-3.04	49.80
-3.14	49.78
-3.23	49.77
-3.33	49.75
-3.43	49.74
-3.53	49.72
-3.63	49.71
-3.72	49.69
-3.82	49.68
-3.92	49.66
-4.02	49.64
-4.12	49.62
-4.21	49.61
-4.31	49.59
-4.41	49.57
-4.51	49.55
-4.61	49.53
-4.70	49.51
-4.80	49.49
-4.90	49.47
-5.00	49.45
-5.09	49.42
-5.19	49.40
-5.29	49.38
-5.39	49.36
-5.49	49.33
-5.58	49.31
-5.68	49.28
-5.78	49.26
-5.88	49.23
-5.97	49.21
-6.07	49.18
-6.17	49.16
-6.27	49.13
-6.36	49.10
-6.46	49.07
-6.56	49.04
-6.66	49.02
-6.75	48.99
-6.85	48.96
-6.95	48.93
-7.05	48.90
-7.14	48.87
-7.24	48.84
-7.34	48.80
-7.44	48.77
-7.53	48.74
-7.63	48.71
-7.73	48.67
-7.83	48.64
-7.92	48.60
-8.02	48.57
-8.12	48.53
-8.22	48.50
-8.31	48.46
-8.41	48.43
-8.51	48.39
-8.60	48.35
-8.70	48.32
-8.80	48.28
-8.90	48.24
-8.99	48.20
-9.09	48.16
-9.19	48.12
-9.28	48.08
-9.38	48.04
-9.48	48.00
-9.58	47.96
-9.67	47.92
-9.77	47.87
-9.87	47.83
-9.96	47.79
-10.06	47.75
-10.16	47.70
-10.25	47.66
-10.35	47.61
-10.45	47.57
-10.54	47.52
-10.64	47.48
-10.74	47.43
-10.83	47.38
-10.93	47.34
-11.03	47.29
-11.12	47.24
-11.22	47.19
-11.32	47.14
-11.41	47.09
-11.51	47.04
-11.61	46.99
-11.70	46.94
-11.80	46.89
-11.90	46.84
-11.99	46.79
-12.09	46.74
-12.19	46.68
-12.28	46.63
-12.38	46.58
-12.47	46.52
-12.57	46.47
-12.67	46.41
-12.76	46.36
-12.86	46.30
-12.96	46.25
-13.05	46.19
-13.15	46.13
-13.24	46.08
-13.34	46.02
-13.44	45.96
-13.53	45.90
-13.63	45.84
-13.72	45.78
-13.82	45.72
-13.91	45.66
-14.01	45.60
-14.11	45.54
-14.20	45.48
-14.30	45.42
-14.39	45.35
-14.49	45.29
-14.58	45.23
-14.68	45.17
-14.78	45.10
-14.87	45.04
-14.97	44.97
-15.06	44.91
-15.16	44.84
-15.25	44.78
-15.35	44.71
-15.44	44.64
-15.54	44.57
-15.63	44.51
-15.73	44.44
-15.82	44.37
-15.92	44.30
-16.01	44.23
-16.11	44.16
-16.20	44.09
-16.30	44.02
-16.39	43.95
-16.49	43.88
-16.58	43.81
-16.68	43.74
-16.77	43.66
-16.87	43.59
-16.96	43.52
-17.06	43.44
-17.15	43.37
-17.25	43.29
-17.34	43.22
-17.44	43.14
-17.53	43.07
-17.63	42.99
-17.72	42.91
-17.81	42.84
-17.91	42.76
-18.00	42.68
-18.10	42.60
-18.19	42.52
-18.29	42.44
-18.38	42.37
-18.47	42.29
-18.57	42.20
-18.66	42.12
-18.76	42.04
-18.85	41.96
-18.94	41.88
-19.04	41.80
-19.13	41.71
-19.22	41.63
-19.32	41.55
-19.41	41.46
-19.51	41.38
-19.60	41.29
-19.69	41.21
-19.79	41.12
-19.88	41.04
-19.97	40.95
-20.07	40.86
-20.16	40.77
-20.25	40.69
-20.35	40.60
-20.44	40.51
-20.53	40.42
-20.63	40.33
-20.72	40.24
-20.81	40.15
-20.91	40.06
-21.00	39.97
-21.09	39.88
-21.18	39.79
-21.28	39.70
-21.37	39.60
-21.46	39.51
-21.55	39.42
-21.65	39.32
-21.74	39.23
-21.83	39.13
-21.92	39.04
-22.02	38.94
-22.11	38.85
-22.20	38.75
-22.29	38.65
-22.39	38.56
-22.48	38.46
-22.57	38.36
-22.66	38.26
-22.76	38.17
-22.85	38.07
-22.94	37.97
-23.03	37.87
-23.12	37.77
-23.21	37.67
-23.31	37.57
-23.40	37.46
-23.49	37.36
-23.58	37.26
-23.67	37.16
-23.76	37.05
-23.86	36.95
-23.95	36.85
-24.04	36.74
-24.13	36.64
-24.22	36.53
-24.31	36.43
-24.40	36.32
-24.49	36.22
-24.59	36.11
-24.68	36.00
-24.77	35.89
-24.86	35.79
-24.95	35.68
-25.04	35.57
-25.13	35.46
-25.22	35.35
-25.31	35.24
-25.40	35.13
-25.49	35.02
-25.58	34.91
-25.67	34.80
-25.76	34.69
-25.85	34.58
-25.94	34.46
-26.03	34.35
-26.12	34.24
-26.21	34.12
-26.30	34.01
-26.39	33.89
-26.48	33.78
-26.57	33.66
-26.66	33.55
-26.75	33.43
-26.84	33.32
-26.93	33.20
-27.02	33.08
-27.11	32.97
-27.20	32.85
-27.29	32.73
-27.38	32.61
-27.47	32.49
-27.56	32.37
-27.65	32.25
-27.74	32.13
-27.83	32.01
-27.91	31.89
-28.00	31.77
-28.09	31.65
-28.18	31.52
-28.27	31.40
-28.36	31.28
-28.45	31.16
-28.54	31.03
-28.62	30.91
-28.71	30.78
-28.80	30.66
-28.89	30.53
-28.98	30.41
-29.07	30.28
-29.15	30.16
-29.24	30.03
-29.33	29.90
-29.42	29.77
-29.51	29.65
-29.59	29.52
-29.68	29.39
-29.77	29.26
-29.86	29.13
-29.94	29.00
-30.03	28.87
-30.12	28.74
-30.21	28.61
-30.29	28.48
-30.38	28.34
