15.00	50.00
14.90	50.15
14.80	50.30
14.71	50.45
14.61	50.59
14.51	50.74
14.41	50.89
14.31	51.03
14.22	51.17
14.12	51.31
14.02	51.46
13.92	51.60
13.82	51.74
13.73	51.87
13.63	52.01
13.53	52.15
13.43	52.28
13.33	52.42
13.23	52.55
13.14	52.68
13.04	52.81
12.94	52.94
12.84	53.07
12.74	53.20
12.65	53.33
12.55	53.46
12.45	53.58
12.35	53.71
12.25	53.83
12.16	53.95
12.06	54.07
11.96	54.19
11.86	54.31
11.76	54.43
11.67	54.55
11.57	54.67
11.47	54.78
11.37	54.90
11.27	55.01
11.18	55.12
11.08	55.24
10.98	55.35
10.88	55.46
10.78	55.56
10.69	55.67
10.59	55.78
10.49	55.89
10.39	55.99
10.29	56.09
10.19	56.20
10.10	56.30
10.00	56.40
9.90	56.50
9.80	56.60
9.70	56.70
9.61	56.79
9.51	56.89
9.41	56.98
9.31	57.08
9.21	57.17
9.12	57.26
9.02	57.36
8.92	57.45
8.82	57.53
8.72	57.62
8.63	57.71
8.53	57.80
8.43	57.88
8.33	57.97
8.23	58.05
8.14	58.13
8.04	58.21
7.94	58.29
7.84	58.37
7.74	58.45
7.65	58.53
7.55	58.61
7.45	58.68
7.35	58.76
7.25	58.83
7.15	58.90
7.06	58.97
6.96	59.04
6.86	59.11
6.76	59.18
6.66	59.25
6.57	59.32
6.47	59.38
6.37	59.45
6.27	59.51
6.17	59.57
6.08	59.63
5.98	59.69
5.88	59.75
5.78	59.81
5.68	59.87
5.59	59.93
5.49	59.98
5.39	60.04
5.29	60.09
5.19	60.15
5.10	60.20
5.00	60.25
4.90	60.30
4.80	60.35
4.70	60.40
4.60	60.44
4.51	60.49
4.41	60.53
4.31	60.58
4.21	60.62
4.11	60.66
4.02	60.70
3.92	60.74
3.82	60.78
3.72	60.82
3.62	60.86
3.53	60.90
3.43	60.93
3.33	60.96
3.23	61.00
3.13	61.03
3.04	61.06
2.94	61.09
2.84	61.12
2.74	61.15
2.64	61.18
2.55	61.20
2.45	61.23
2.35	61.25
2.25	61.28
2.15	61.30
2.06	61.32
1.96	61.34
1.86	61.36
1.76	61.38
1.66	61.40
1.56	61.41
1.47	61.43
1.37	61.44
1.27	61.46
1.17	61.47
1.07	61.48
0.98	61.49
0.88	61.50
0.78	61.51
0.68	61.52
0.58	61.53
0.49	61.53
0.39	61.54
0.29	61.54
0.19	61.54
0.09	61.55
-0.00	61.55
-0.10	61.55
-0.20	61.55
-0.30	61.54
-0.40	61.54
-0.49	61.54
-0.59	61.53
-0.69	61.53
-0.79	61.52
-0.89	61.51
-0.98	61.50
-1.08	61.49
-1.18	61.48
-1.28	61.47
-1.38	61.46
-1.48	61.44
-1.57	61.43
-1.67	61.41
-1.77	61.40
-1.87	61.38
-1.97	61.36
-2.06	61.34
-2.16	61.32
-2.26	61.30
-2.36	61.28
-2.46	61.25
-2.55	61.23
-2.65	61.20
-2.75	61.17
-2.85	61.15
-2.95	61.12
-3.04	61.09
-3.14	61.06
-3.24	61.03
-3.34	61.00
-3.44	60.96
-3.53	60.93
-3.63	60.89
-3.73	60.86
-3.83	60.82
-3.93	60.78
-4.02	60.74
-4.12	60.70
-4.22	60.66
-4.32	60.62
-4.42	60.57
-4.52	60.53
-4.61	60.48
-4.71	60.44
-4.81	60.39
-4.91	60.34
-5.01	60.29
-5.10	60.24
-5.20	60.19
-5.30	60.14
-5.40	60.09
-5.50	60.03
-5.59	59.98
-5.69	59.92
-5.79	59.87
-5.89	59.81
-5.99	59.75
-6.08	59.69
-6.18	59.63
-6.28	59.57
-6.38	59.50
-6.48	59.44
-6.57	59.38
-6.67	59.31
-6.77	59.24
-6.87	59.18
-6.97	59.11
-7.06	59.04
-7.16	58.97
-7.26	58.89
-7.36	58.82
-7.46	58.75
-7.56	58.67
-7.65	58.60
-7.75	58.52
-7.85	58.44
-7.95	58.37
-8.05	58.29
-8.14	58.21
-8.24	58.12
-8.34	58.04
-8.44	57.96
-8.54	57.87
-8.63	57.79
-8.73	57.70
-8.83	57.62
-8.93	57.53
-9.03	57.44
-9.12	57.35
-9.22	57.26
-9.32	57.16
-9.42	57.07
-9.52	56.98
-9.61	56.88
-9.71	56.79
-9.81	56.69
-9.91	56.59
-10.01	56.49
-10.11	56.39
-10.20	56.29
-10.30	56.19
-10.40	56.09
-10.50	55.98
-10.60	55.88
-10.69	55.77
-10.79	55.66
-10.89	55.56
-10.99	55.45
-11.09	55.34
-11.18	55.23
-11.28	55.11
-11.38	55.00
-11.48	54.89
-11.58	54.77
-11.67	54.66
-11.77	54.54
-11.87	54.42
-11.97	54.30
-12.07	54.18
-12.16	54.06
-12.26	53.94
-12.36	53.82
-12.46	53.70
-12.56	53.57
-12.65	53.45
-12.75	53.32
-12.85	53.19
-12.95	53.06
-13.05	52.93
-13.15	52.80
-13.24	52.67
-13.34	52.54
-13.44	52.41
-13.54	52.27
-13.64	52.14
-13.73	52.00
-13.83	51.86
-13.93	51.72
-14.03	51.58
-14.13	51.44
-14.22	51.30
-14.32	51.16
-14.42	51.02
-14.52	50.87
-14.62	50.73
-14.71	50.58
-14.81	50.43
-14.91	50.29
-15.01	50.14
-15.11	49.99
-15.20	49.84
-15.30	49.68
-15.40	49.53
-15.50	49.38
-15.60	49.22
-15.69	49.07
-15.79	48.91
-15.89	48.75
-15.99	48.59
-16.09	48.43
-16.19	48.27
-16.28	48.11
-16.38	47.95
-16.48	47.78
-16.58	47.62
-16.68	47.45
-16.77	47.29
-16.87	47.12
-16.97	46.95
-17.07	46.78
-17.17	46.61
-17.26	46.44
-17.36	46.26
-17.46	46.09
-17.56	45.92
-17.66	45.74
-17.75	45.56
-17.85	45.39
-17.95	45.21
-18.05	45.03
-18.15	44.85
-18.24	44.67
-18.34	44.48
-18.44	44.30
-18.54	44.12
-18.64	43.93
-18.73	43.74
-18.83	43.56
-18.93	43.37
-19.03	43.18
-19.13	42.99
-19.23	42.80
-19.32	42.61
-19.42	42.41
-19.52	42.22
-19.62	42.02
-19.72	41.83
-19.81	41.63
-19.91	41.43
-20.01	41.23
-20.11	41.03
-20.21	40.83
-20.30	40.63
-20.40	40.43
-20.50	40.22
-20.60	40.02
-20.70	39.81
-20.79	39.60
-20.89	39.40
-20.99	39.19
-21.09	38.98
-21.19	38.77
-21.28	38.55
-21.38	38.34
-21.48	38.13
-21.58	37.91
-21.68	37.70
-21.77	37.48
-21.87	37.26
-21.97	37.04
-22.07	36.82
-22.17	36.60
-22.27	36.38
-22.36	36.16
-22.46	35.94
-22.56	35.71
-22.66	35.49
-22.76	35.26
-22.85	35.03
-22.95	34.80
-23.05	34.57
-23.15	34.34
-23.25	34.11
-23.34	33.88
-23.44	33.65
-23.54	33.41
-23.64	33.18
-23.74	32.94
-23.83	32.70
-23.93	32.46
-24.03	32.22
-24.13	31.98
-24.23	31.74
-24.32	31.50
-24.42	31.26
-24.52	31.01
-24.62	30.77
-24.72	30.52
-24.81	30.27
-24.91	30.03
-25.01	29.78
-25.11	29.53
-25.21	29.28
-25.31	29.02
-25.40	28.77
-25.50	28.52
-25.60	28.26
-25.70	28.01
-25.80	27.75
-25.89	27.49
-25.99	27.23
-26.09	26.97
-26.19	26.71
-26.29	26.45
-26.38	26.19
-26.48	25.92
-26.58	25.66
-26.68	25.39
-26.78	25.13
-26.87	24.86
-26.97	24.59
-27.07	24.32
-27.17	24.05
-27.27	23.78
-27.36	23.50
-27.46	23.23
-27.56	22.96
-27.66	22.68
-27.76	22.40
-27.86	22.13
-27.95	21.85
-28.05	21.57
-28.15	21.29
-28.25	21.01
-28.35	20.72
-28.44	20.44
-28.54	20.16
-28.64	19.87
-28.74	19.58
-28.84	19.30
-28.93	19.01
-29.03	18.72
-29.13	18.43
-29.23	18.14
-29.33	17.84
-29.42	17.55
-29.52	17.26
-29.62	16.96
-29.72	16.67
-29.82	16.37
-29.91	16.07
-30.01	15.77
-30.11	15.47
-30.21	15.17
-30.31	14.87
-30.40	14.56
-30.50	14.26
-30.60	13.96
-30.70	13.65
-30.80	13.34
-30.90	13.03
-30.99	12.73
-31.09	12.42
-31.19	12.11
-31.29	11.79
-31.39	11.48
-31.48	11.17
-31.58	10.85
-31.68	10.54
-31.78	10.22
-31.88	9.90
-31.97	9.58
-32.07	9.26
-32.17	8.94
-32.27	8.62
-32.37	8.30
-32.46	7.97
-32.56	7.65
-32.66	7.32
-32.76	7.00
-32.86	6.67
-32.95	6.34
-33.05	6.01
-33.15	5.68
-33.25	5.35
-33.35	5.02
-33.44	4.68
-33.54	4.35
-33.64	4.01
-33.74	3.68
-33.84	3.34
-33.94	3.00
-34.03	2.66
-34.13	2.32
-34.23	1.98
-34.33	1.64
-34.43	1.29
-34.52	0.95
-34.62	0.61
-34.72	0.26
-34.82	-0.09
