0	0.014825	34.962706	-1.306722	0.076302
1	0.014825	49.988433	-1.306722	0.076302
2	0.014825	69.082949	-1.306722	0.076302
3	0.014825	23.313150	-1.306722	0.076302
4	0.014825	3.482559	-1.306722	0.076302
5	0.014825	56.675588	-1.306722	0.076302
6	0.014825	58.658376	-1.306722	0.076302
7	0.014825	74.517960	-1.306722	0.076302
8	0.014825	88.541429	-1.306722	0.076302
9	0.014825	59.109256	-1.306722	0.076302
10	0.014825	6.712058	-1.306722	0.076302
11	0.014825	48.801477	-1.306722	0.076302
12	0.014825	54.839473	-1.306722	0.076302
13	0.014825	56.251869	-1.306722	0.076302
14	0.014825	34.590594	-1.306722	0.076302
15	0.014825	72.885556	-1.306722	0.076302
16	0.014825	52.462844	-1.306722	0.076302
17	0.014825	9.713401	-1.306722	0.076302
18	0.014825	45.449751	-1.306722	0.076302
19	0.014825	49.885220	-1.306722	0.076302
20	0.014825	65.788263	-1.306722	0.076302
21	0.014825	39.572008	-1.306722	0.076302
22	0.014825	37.879849	-1.306722	0.076302
23	0.014825	20.048341	-1.306722	0.076302
24	0.014825	88.516984	-1.306722	0.076302
25	0.014825	43.961303	-1.306722	0.076302
26	0.014825	12.282876	-1.306722	0.076302
27	0.014825	52.272713	-1.306722	0.076302
28	0.014825	15.164708	-1.306722	0.076302
29	0.014825	80.197424	-1.306722	0.076302
30	0.014825	84.600299	-1.306722	0.076302
31	0.014825	47.524888	-1.306722	0.076302
32	0.014825	63.954863	-1.306722	0.076302
33	0.014825	41.742210	-1.306722	0.076302
34	0.014825	42.584216	-1.306722	0.076302
35	0.014825	57.656117	-1.306722	0.076302
36	0.014878	9.501541	-0.773024	0.610000
37	0.014878	57.745750	-0.773024	0.610000
38	0.014878	27.262429	-0.773024	0.610000
39	0.014878	76.633839	-0.773024	0.610000
40	0.014878	87.221381	-0.773024	0.610000
41	0.014878	60.494491	-0.773024	0.610000
42	0.014878	61.749351	-0.773024	0.610000
43	0.014878	85.768242	-0.773024	0.610000
44	0.014878	67.814508	-0.773024	0.610000
45	0.014878	36.502762	-0.773024	0.610000
46	0.014878	21.031587	-0.773024	0.610000
47	0.014878	21.884457	-0.773024	0.610000
48	0.014878	75.818995	-0.773024	0.610000
49	0.014878	29.584735	-0.773024	0.610000
50	0.014878	78.969726	-0.773024	0.610000
51	0.014878	5.076937	-0.773024	0.610000
52	0.014878	6.532792	-0.773024	0.610000
53	0.014878	76.628407	-0.773024	0.610000
54	0.014878	22.041993	-0.773024	0.610000
55	0.014878	49.977569	-0.773024	0.610000
56	0.014878	47.310312	-0.773024	0.610000
57	0.014878	34.373302	-0.773024	0.610000
58	0.014878	47.131046	-0.773024	0.610000
59	0.014878	42.117038	-0.773024	0.610000
60	0.014878	47.557482	-0.773024	0.610000
61	0.014878	12.016694	-0.773024	0.610000
62	0.014878	8.865963	-0.773024	0.610000
63	0.014878	4.433210	-0.773024	0.610000
64	0.014878	65.408002	-0.773024	0.610000
65	0.014878	32.846828	-0.773024	0.610000
66	0.014878	89.826167	-0.773024	0.610000
67	0.014878	11.402844	-0.773024	0.610000
68	0.014878	13.418226	-0.773024	0.610000
69	0.014878	84.768700	-0.773024	0.610000
70	0.014878	37.094882	-0.773024	0.610000
71	0.014878	42.855831	-0.773024	0.610000
72	0.014878	19.230781	-0.773024	0.610000
73	0.014878	72.923582	-0.773024	0.610000
74	0.014878	27.498733	-0.773024	0.610000
75	0.014878	25.018891	-0.773024	0.610000
76	0.014878	46.598682	-0.773024	0.610000
77	0.014878	33.275979	-0.773024	0.610000
78	0.014878	38.037385	-0.773024	0.610000
79	0.014878	83.793603	-0.773024	0.610000
80	0.014878	36.665731	-0.773024	0.610000
81	0.014878	31.347514	-0.773024	0.610000
82	0.014878	71.731193	-0.773024	0.610000
83	0.014878	11.796686	-0.773024	0.610000
84	0.014878	4.941130	-0.773024	0.610000
85	0.014878	15.960540	-0.773024	0.610000
86	0.014878	73.561876	-0.773024	0.610000
87	0.014878	21.248878	-0.773024	0.610000
88	0.014878	18.842372	-0.773024	0.610000
89	0.014878	31.236152	-0.773024	0.610000
90	0.014878	17.603809	-0.773024	0.610000
91	0.014878	4.139866	-0.773024	0.610000
92	0.014878	25.211737	-0.773024	0.610000
93	0.014878	77.619800	-0.773024	0.610000
94	0.014878	68.050813	-0.773024	0.610000
95	0.014878	83.826197	-0.773024	0.610000
96	0.014878	75.761956	-0.773024	0.610000
97	0.014878	25.236183	-0.773024	0.610000
98	0.014878	49.252358	-0.773024	0.610000
99	0.014878	35.465194	-0.773024	0.610000
100	0.014878	29.769433	-0.773024	0.610000
101	0.014878	27.376507	-0.773024	0.610000
102	0.014878	85.480331	-0.773024	0.610000
103	0.014878	3.452681	-0.773024	0.610000
104	0.014878	83.027650	-0.773024	0.610000
105	0.014878	57.311167	-0.773024	0.610000
106	0.014878	43.488693	-0.773024	0.610000
107	0.014878	4.256661	-0.773024	0.610000
108	0.014878	45.362835	-0.773024	0.610000
109	0.014878	84.315104	-0.773024	0.610000
110	0.014878	83.627918	-0.773024	0.610000
111	0.014878	19.790307	-0.773024	0.610000
112	0.014878	50.708213	-0.773024	0.610000
113	0.014878	46.136937	-0.773024	0.610000
114	0.014878	41.571093	-0.773024	0.610000
115	0.014878	38.778893	-0.773024	0.610000
116	0.014878	88.066103	-0.773024	0.610000
117	0.014878	65.671468	-0.773024	0.610000
118	0.014797	35.402722	0.446976	-0.610000
119	0.014797	71.212409	0.446976	-0.610000
120	0.014797	58.329722	0.446976	-0.610000
121	0.014797	69.164434	0.446976	-0.610000
122	0.014797	20.116245	0.446976	-0.610000
123	0.014797	27.368358	0.446976	-0.610000
124	0.014797	59.321116	0.446976	-0.610000
125	0.014797	54.695517	0.446976	-0.610000
126	0.014797	61.309336	0.446976	-0.610000
127	0.014797	20.453047	0.446976	-0.610000
128	0.014797	22.984497	0.446976	-0.610000
129	0.014797	79.252205	0.446976	-0.610000
130	0.014797	29.101260	0.446976	-0.610000
131	0.014797	5.397443	0.446976	-0.610000
132	0.014797	9.121281	0.446976	-0.610000
133	0.014797	56.124210	0.446976	-0.610000
134	0.014797	39.026063	0.446976	-0.610000
135	0.014797	24.845058	0.446976	-0.610000
136	0.014797	12.578936	0.446976	-0.610000
137	0.014797	32.969054	0.446976	-0.610000
138	0.014797	74.010041	0.446976	-0.610000
139	0.014797	63.829920	0.446976	-0.610000
140	0.014797	54.307108	0.446976	-0.610000
141	0.014797	63.270394	0.446976	-0.610000
142	0.014797	25.103092	0.446976	-0.610000
143	0.014797	72.214667	0.446976	-0.610000
144	0.014797	36.176824	0.446976	-0.610000
145	0.014797	74.498947	0.446976	-0.610000
146	0.014797	9.113132	0.446976	-0.610000
147	0.014797	46.405835	0.446976	-0.610000
148	0.014797	40.984405	0.446976	-0.610000
149	0.014797	2.754631	0.446976	-0.610000
150	0.014797	64.813166	0.446976	-0.610000
151	0.014797	17.367504	0.446976	-0.610000
152	0.014797	23.511429	0.446976	-0.610000
153	0.014797	63.172613	0.446976	-0.610000
154	0.014797	64.859340	0.446976	-0.610000
155	0.014797	14.474807	0.446976	-0.610000
156	0.014797	19.094974	0.446976	-0.610000
157	0.014797	1.852870	0.446976	-0.610000
158	0.014797	13.089572	0.446976	-0.610000
159	0.014797	30.236610	0.446976	-0.610000
160	0.014797	82.584918	0.446976	-0.610000
161	0.014797	46.636708	0.446976	-0.610000
162	0.014797	51.376385	0.446976	-0.610000
163	0.014797	55.423444	0.446976	-0.610000
164	0.014797	16.074618	0.446976	-0.610000
165	0.014797	88.462661	0.446976	-0.610000
166	0.014797	78.624775	0.446976	-0.610000
167	0.014797	31.616413	0.446976	-0.610000
168	0.014797	56.398541	0.446976	-0.610000
169	0.014797	77.625233	0.446976	-0.610000
170	0.014797	86.151219	0.446976	-0.610000
171	0.014797	57.743034	0.446976	-0.610000
172	0.014797	88.663656	0.446976	-0.610000
173	0.014797	35.696066	0.446976	-0.610000
174	0.014797	44.056368	0.446976	-0.610000
175	0.014797	74.564135	0.446976	-0.610000
176	0.014797	69.846187	0.446976	-0.610000
177	0.014457	86.382092	1.320000	0.263024
178	0.014457	86.762352	1.320000	0.263024
179	0.014457	75.732078	1.320000	0.263024
180	0.014457	29.818323	1.320000	0.263024
181	0.014457	63.123722	1.320000	0.263024
182	0.014457	10.327250	1.320000	0.263024
183	0.014457	69.376293	1.320000	0.263024
184	0.014457	19.668081	1.320000	0.263024
185	0.014457	75.694052	1.320000	0.263024
186	0.014457	75.799982	1.320000	0.263024
187	0.014457	37.795648	1.320000	0.263024
188	0.014457	65.785546	1.320000	0.263024
189	0.014457	80.599414	1.320000	0.263024
190	0.014457	84.122257	1.320000	0.263024
191	0.014457	9.246223	1.320000	0.263024
192	0.014457	54.584155	1.320000	0.263024
193	0.014457	15.542253	1.320000	0.263024
194	0.014457	51.876156	1.320000	0.263024
195	0.014457	44.406751	1.320000	0.263024
196	0.014457	51.262307	1.320000	0.263024
197	0.014457	55.746666	1.320000	0.263024
198	0.014457	76.446425	1.320000	0.263024
199	0.014457	73.502121	1.320000	0.263024
200	0.014457	87.528306	1.320000	0.263024
201	0.014878	60.404859	1.320000	0.263024
202	0.014878	49.768426	1.320000	0.263024
203	0.014878	9.656362	1.320000	0.263024
204	0.014878	10.691214	1.320000	0.263024
205	0.014878	81.053011	1.320000	0.263024
206	0.014878	13.350322	1.320000	0.263024
207	0.014878	74.482650	1.320000	0.263024
208	0.014878	31.007996	1.320000	0.263024
209	0.014878	21.140233	1.320000	0.263024
210	0.014878	33.691549	1.320000	0.263024
211	0.014878	70.449171	1.320000	0.263024
212	0.014878	67.708579	1.320000	0.263024
213	0.014878	51.582812	1.320000	0.263024
214	0.014878	34.756279	1.320000	0.263024
215	0.014878	28.050111	1.320000	0.263024
216	0.014878	43.600055	1.320000	0.263024
217	0.014878	49.553850	1.320000	0.263024
218	0.014878	68.691824	1.320000	0.263024
219	0.014878	72.320597	1.320000	0.263024
220	0.014878	29.666219	1.320000	0.263024
221	0.014878	21.343944	1.320000	0.263024
222	0.014878	37.401807	1.320000	0.263024
223	0.014878	67.716727	1.320000	0.263024
224	0.014878	75.552812	1.320000	0.263024
225	0.014878	43.532151	1.320000	0.263024
226	0.014878	58.166753	1.320000	0.263024
227	0.014878	89.885922	1.320000	0.263024
228	0.014878	51.338359	1.320000	0.263024
229	0.014878	81.251289	1.320000	0.263024
230	0.014878	40.940947	1.320000	0.263024
231	0.014878	58.394910	1.320000	0.263024
232	0.014878	48.535295	1.320000	0.263024
233	0.014878	86.843837	1.320000	0.263024
234	0.014878	26.507340	1.320000	0.263024
235	0.014878	23.891690	1.320000	0.263024
236	0.014878	63.691397	1.320000	0.263024
237	0.014878	25.706076	1.320000	0.263024
238	0.014878	31.132939	1.320000	0.263024
239	0.014878	66.782373	1.320000	0.263024
240	0.014878	46.495468	1.320000	0.263024
241	0.014878	54.540696	1.320000	0.263024
242	0.014878	56.871151	1.320000	0.263024
243	0.014878	54.920957	1.320000	0.263024
244	0.014878	14.830622	1.320000	0.263024
245	0.014878	53.858943	1.320000	0.263024
246	0.014878	81.194250	1.320000	0.263024
247	0.014878	86.360363	1.320000	0.263024
248	0.014878	72.646535	1.320000	0.263024
249	0.014878	74.996002	1.320000	0.263024
250	0.014878	62.075289	1.320000	0.263024
251	0.014878	84.698080	1.320000	0.263024
252	0.014878	33.053255	1.320000	0.263024
253	0.014878	13.412793	1.320000	0.263024
254	0.014878	39.229774	1.320000	0.263024
255	0.014878	85.026734	1.320000	0.263024
256	0.014878	84.586718	1.320000	0.263024
257	0.014878	68.569597	1.320000	0.263024
258	0.014878	11.609272	1.320000	0.263024
259	0.014878	34.041932	1.320000	0.263024
260	0.014878	66.999664	1.320000	0.263024
261	0.014878	35.139256	1.320000	0.263024
262	0.014878	27.846400	1.320000	0.263024
263	0.014878	19.342143	1.320000	0.263024
264	0.014878	40.525376	1.320000	0.263024
265	0.014878	53.886105	1.320000	0.263024
266	0.014878	80.797693	1.320000	0.263024
267	0.014878	18.421369	1.320000	0.263024
268	0.014878	70.984252	1.320000	0.263024
269	0.014878	65.934935	1.320000	0.263024
270	0.014878	64.834895	1.320000	0.263024
271	0.014878	82.424665	1.320000	0.263024
272	0.014878	45.667043	1.320000	0.263024
273	0.014878	64.745262	1.320000	0.263024
274	0.014878	10.047487	1.320000	0.263024
275	0.014878	45.159124	1.320000	0.263024
276	0.014878	23.400067	1.320000	0.263024
277	0.014878	80.572253	1.320000	0.263024
278	0.014878	51.009705	1.320000	0.263024
279	0.014878	28.433088	1.320000	0.263024
280	0.014878	64.677358	1.320000	0.263024
281	0.014878	33.661672	1.320000	0.263024
282	0.014878	77.261269	1.320000	0.263024
283	0.014903	33.227088	-0.246976	-0.610000
284	0.014903	45.281350	-0.246976	-0.610000
285	0.014903	82.033540	-0.246976	-0.610000
286	0.014903	36.168676	-0.246976	-0.610000
287	0.014903	65.717643	-0.246976	-0.610000
288	0.014903	1.304209	-0.246976	-0.610000
289	0.014903	87.025819	-0.246976	-0.610000
290	0.014903	34.337992	-0.246976	-0.610000
291	0.014903	66.717185	-0.246976	-0.610000
292	0.014903	84.972411	-0.246976	-0.610000
293	0.014903	68.496261	-0.246976	-0.610000
294	0.014903	51.175390	-0.246976	-0.610000
295	0.014903	25.551256	-0.246976	-0.610000
296	0.014903	56.132359	-0.246976	-0.610000
297	0.014903	5.875484	-0.246976	-0.610000
298	0.014903	12.839686	-0.246976	-0.610000
299	0.014903	80.881893	-0.246976	-0.610000
300	0.014903	58.929991	-0.246976	-0.610000
301	0.014903	55.915067	-0.246976	-0.610000
302	0.014903	40.161412	-0.246976	-0.610000
303	0.014903	10.528245	-0.246976	-0.610000
304	0.014903	27.414533	-0.246976	-0.610000
305	0.014903	77.331889	-0.246976	-0.610000
306	0.014903	16.742790	-0.246976	-0.610000
307	0.014903	48.834071	-0.246976	-0.610000
308	0.014903	3.648244	-0.246976	-0.610000
309	0.014903	67.254982	-0.246976	-0.610000
310	0.014903	70.862026	-0.246976	-0.610000
311	0.014903	30.557115	-0.246976	-0.610000
312	0.014903	47.090304	-0.246976	-0.610000
313	0.014903	43.605487	-0.246976	-0.610000
314	0.014903	49.344707	-0.246976	-0.610000
315	0.014903	45.873470	-0.246976	-0.610000
316	0.014903	60.725364	-0.246976	-0.610000
317	0.014903	88.335002	-0.246976	-0.610000
318	0.014903	22.071871	-0.246976	-0.610000
319	0.014903	50.490921	-0.246976	-0.610000
320	0.014903	81.876003	-0.246976	-0.610000
321	0.014903	64.677358	-0.246976	-0.610000
322	0.014903	73.268532	-0.246976	-0.610000
323	0.014903	13.410077	-0.246976	-0.610000
324	0.014903	28.003937	-0.246976	-0.610000
325	0.014903	79.303812	-0.246976	-0.610000
326	0.014903	83.225929	-0.246976	-0.610000
327	0.014903	4.381603	-0.246976	-0.610000
328	0.014903	68.520707	-0.246976	-0.610000
329	0.014903	45.571978	-0.246976	-0.610000
330	0.014903	70.625721	-0.246976	-0.610000
331	0.014903	23.552171	-0.246976	-0.610000
332	0.014903	78.912687	-0.246976	-0.610000
333	0.014903	41.731346	-0.246976	-0.610000
334	0.014903	19.108554	-0.246976	-0.610000
335	0.014903	43.369182	-0.246976	-0.610000
336	0.014903	60.163121	-0.246976	-0.610000
337	0.014903	87.281137	-0.246976	-0.610000
338	0.014903	25.271493	-0.246976	-0.610000
339	0.014903	65.274911	-0.246976	-0.610000
340	0.014903	68.854793	-0.246976	-0.610000
341	0.014903	52.343333	-0.246976	-0.610000
342	0.014903	47.690573	-0.246976	-0.610000
343	0.014903	38.165044	-0.246976	-0.610000
344	0.014903	27.813807	-0.246976	-0.610000
345	0.014903	14.279244	-0.246976	-0.610000
346	0.014903	5.207312	-0.246976	-0.610000
347	0.014903	64.245491	-0.246976	-0.610000
348	0.014903	9.789453	-0.246976	-0.610000
349	0.014903	85.355388	-0.246976	-0.610000
350	0.014903	38.069979	-0.246976	-0.610000
351	0.014903	27.197241	-0.246976	-0.610000
352	0.014903	28.979034	-0.246976	-0.610000
353	0.014903	25.706076	-0.246976	-0.610000
354	0.014903	78.100558	-0.246976	-0.610000
355	0.014698	47.280435	-1.320000	0.463024
356	0.014698	21.889889	-1.320000	0.463024
357	0.014698	68.450087	-1.320000	0.463024
358	0.014698	54.573290	-1.320000	0.463024
359	0.014698	8.355327	-1.320000	0.463024
360	0.014698	31.388256	-1.320000	0.463024
361	0.014698	67.132756	-1.320000	0.463024
362	0.014698	59.921384	-1.320000	0.463024
363	0.014698	6.380688	-1.320000	0.463024
364	0.014698	29.351146	-1.320000	0.463024
365	0.014878	83.380749	-1.173024	0.610000
366	0.014878	21.949644	-1.173024	0.610000
367	0.014878	53.383618	-1.173024	0.610000
368	0.014878	14.865932	-1.173024	0.610000
369	0.014878	58.978881	-1.173024	0.610000
370	0.014878	75.715781	-1.173024	0.610000
371	0.014878	85.461318	-1.173024	0.610000
372	0.014878	1.312357	-1.173024	0.610000
373	0.014878	88.188330	-1.173024	0.610000
374	0.014878	24.709250	-1.173024	0.610000
375	0.014878	32.857692	-1.173024	0.610000
376	0.014878	84.317820	-1.173024	0.610000
377	0.014878	2.553636	-1.173024	0.610000
378	0.014878	63.509415	-1.173024	0.610000
379	0.014878	21.618274	-1.173024	0.610000
380	0.014878	25.907071	-1.173024	0.610000
381	0.014878	51.045015	-1.173024	0.610000
382	0.014878	83.579028	-1.173024	0.610000
383	0.014878	19.847346	-1.173024	0.610000
384	0.014878	59.839900	-1.173024	0.610000
385	0.014878	52.710013	-1.173024	0.610000
386	0.014878	1.312357	-1.173024	0.610000
387	0.014878	66.130497	-1.173024	0.610000
388	0.014878	39.444349	-1.173024	0.610000
389	0.014878	50.738090	-1.173024	0.610000
390	0.014878	32.075442	-1.173024	0.610000
391	0.014878	37.143773	-1.173024	0.610000
392	0.014878	56.960784	-1.173024	0.610000
393	0.014878	23.123020	-1.173024	0.610000
394	0.014878	56.276315	-1.173024	0.610000
395	0.014878	2.969207	-1.173024	0.610000
396	0.014878	11.701621	-1.173024	0.610000
397	0.014878	76.761498	-1.173024	0.610000
398	0.014878	27.235267	-1.173024	0.610000
399	0.014878	38.151463	-1.173024	0.610000
400	0.014878	10.006745	-1.173024	0.610000
401	0.014878	15.219031	-1.173024	0.610000
402	0.014878	32.950041	-1.173024	0.610000
403	0.014878	3.028962	-1.173024	0.610000
404	0.014878	53.359172	-1.173024	0.610000
405	0.014878	63.031373	-1.173024	0.610000
406	0.014878	3.417371	-1.173024	0.610000
407	0.014878	32.385083	-1.173024	0.610000
408	0.014878	7.586657	-1.173024	0.610000
409	0.014878	34.693808	-1.173024	0.610000
410	0.014878	78.689962	-1.173024	0.610000
411	0.014878	20.922941	-1.173024	0.610000
412	0.014878	89.546403	-1.173024	0.610000
413	0.014878	66.252724	-1.173024	0.610000
414	0.014878	27.286874	-1.173024	0.610000
415	0.014878	88.612049	-1.173024	0.610000
416	0.014878	16.202277	-1.173024	0.610000
417	0.014878	19.676229	-1.173024	0.610000
418	0.014878	65.168981	-1.173024	0.610000
419	0.014878	48.432081	-1.173024	0.610000
420	0.014878	78.513413	-1.173024	0.610000
421	0.014878	54.866634	-1.173024	0.610000
422	0.014878	40.875759	-1.173024	0.610000
423	0.014878	37.578356	-1.173024	0.610000
424	0.014878	59.997436	-1.173024	0.610000
425	0.014878	13.518723	-1.173024	0.610000
426	0.014878	49.024201	-1.173024	0.610000
427	0.014878	67.572771	-1.173024	0.610000
428	0.014878	63.441511	-1.173024	0.610000
429	0.014878	20.673055	-1.173024	0.610000
430	0.014878	60.801416	-1.173024	0.610000
431	0.014878	31.423566	-1.173024	0.610000
432	0.014878	55.605426	-1.173024	0.610000
433	0.014878	37.203528	-1.173024	0.610000
434	0.014878	31.624561	-1.173024	0.610000
435	0.014878	59.280374	-1.173024	0.610000
436	0.014878	57.360057	-1.173024	0.610000
437	0.014878	57.034120	-1.173024	0.610000
438	0.014878	32.599658	-1.173024	0.610000
439	0.014878	1.657308	-1.173024	0.610000
440	0.014878	14.151585	-1.173024	0.610000
441	0.014878	17.375652	-1.173024	0.610000
442	0.014878	85.971953	-1.173024	0.610000
443	0.014878	67.738456	-1.173024	0.610000
444	0.014878	28.202216	-1.173024	0.610000
445	0.014878	47.734031	-1.173024	0.610000
446	0.014878	52.177648	-1.173024	0.610000
447	0.014878	62.803217	0.046976	-0.610000
448	0.014878	76.359508	0.046976	-0.610000
449	0.014878	37.013398	0.046976	-0.610000
450	0.014878	49.708670	0.046976	-0.610000
451	0.014878	53.307566	0.046976	-0.610000
452	0.014878	72.980621	0.046976	-0.610000
453	0.014878	34.446638	0.046976	-0.610000
454	0.014878	64.392163	0.046976	-0.610000
455	0.014878	81.642415	0.046976	-0.610000
456	0.014878	24.790735	0.046976	-0.610000
457	0.014878	18.695700	0.046976	-0.610000
458	0.014878	30.274636	0.046976	-0.610000
459	0.014878	68.099704	0.046976	-0.610000
460	0.014878	69.085665	0.046976	-0.610000
461	0.014878	16.829707	0.046976	-0.610000
462	0.014878	17.764061	0.046976	-0.610000
463	0.014878	14.097262	0.046976	-0.610000
464	0.014878	53.209784	0.046976	-0.610000
465	0.014878	86.534196	0.046976	-0.610000
466	0.014878	31.170965	0.046976	-0.610000
467	0.014878	42.163213	0.046976	-0.610000
468	0.014878	48.709128	0.046976	-0.610000
469	0.014878	75.259468	0.046976	-0.610000
470	0.014878	30.315378	0.046976	-0.610000
471	0.014878	30.739097	0.046976	-0.610000
472	0.014878	34.063662	0.046976	-0.610000
473	0.014878	4.683096	0.046976	-0.610000
474	0.014878	34.354289	0.046976	-0.610000
475	0.014878	70.307932	0.046976	-0.610000
476	0.014878	50.406720	0.046976	-0.610000
477	0.014878	15.159276	0.046976	-0.610000
478	0.014878	32.501877	0.046976	-0.610000
479	0.014878	74.911802	0.046976	-0.610000
480	0.014878	43.116581	0.046976	-0.610000
481	0.014878	6.524644	0.046976	-0.610000
482	0.014878	4.753716	0.046976	-0.610000
483	0.014878	42.538041	0.046976	-0.610000
484	0.014878	70.756096	0.046976	-0.610000
485	0.014878	45.995697	0.046976	-0.610000
486	0.014878	44.327982	0.046976	-0.610000
487	0.014878	10.479354	0.046976	-0.610000
488	0.014878	5.158422	0.046976	-0.610000
489	0.014878	77.443251	0.046976	-0.610000
490	0.014878	83.926695	0.046976	-0.610000
491	0.014878	42.122471	0.046976	-0.610000
492	0.014878	27.172796	0.046976	-0.610000
493	0.014878	2.852412	0.046976	-0.610000
494	0.014878	18.524583	0.046976	-0.610000
495	0.014878	3.229957	0.046976	-0.610000
496	0.014878	62.895566	0.046976	-0.610000
497	0.014878	5.220893	0.046976	-0.610000
498	0.014878	82.807642	0.046976	-0.610000
499	0.014878	87.286569	0.046976	-0.610000
500	0.014878	87.835231	0.046976	-0.610000
501	0.014878	47.674276	0.046976	-0.610000
502	0.014878	50.906491	0.046976	-0.610000
503	0.014878	67.849818	0.046976	-0.610000
504	0.014878	66.915464	0.046976	-0.610000
505	0.014878	20.102664	0.046976	-0.610000
506	0.014878	53.628071	0.046976	-0.610000
507	0.014878	17.527757	0.046976	-0.610000
508	0.014878	33.713279	0.046976	-0.610000
509	0.014878	2.097324	0.046976	-0.610000
510	0.014878	67.803644	0.046976	-0.610000
511	0.014878	26.561663	0.046976	-0.610000
512	0.014878	55.822718	0.046976	-0.610000
513	0.014878	66.434706	0.046976	-0.610000
514	0.014878	71.915891	0.046976	-0.610000
515	0.014878	58.557878	0.046976	-0.610000
516	0.014878	55.781976	0.046976	-0.610000
517	0.014878	70.935362	0.046976	-0.610000
518	0.014878	58.666524	0.046976	-0.610000
519	0.014878	57.395367	0.046976	-0.610000
520	0.014878	35.459761	0.046976	-0.610000
521	0.014878	19.947844	0.046976	-0.610000
522	0.014878	29.649922	0.046976	-0.610000
523	0.014878	18.864101	0.046976	-0.610000
524	0.014878	50.287210	0.046976	-0.610000
525	0.014878	19.260659	0.046976	-0.610000
526	0.014878	52.758904	0.046976	-0.610000
527	0.014878	52.039125	0.046976	-0.610000
528	0.014878	36.274606	0.046976	-0.610000
529	0.013256	49.689657	1.266976	0.610000
530	0.013256	62.526170	1.266976	0.610000
531	0.013256	54.912809	1.266976	0.610000
532	0.013256	82.193793	1.266976	0.610000
533	0.014961	7.154790	1.266976	0.610000
534	0.014961	17.994934	1.266976	0.610000
535	0.014961	8.363475	1.266976	0.610000
536	0.014961	3.819361	1.266976	0.610000
537	0.014961	56.534349	1.266976	0.610000
538	0.014961	9.352153	1.266976	0.610000
539	0.014961	67.950316	1.266976	0.610000
540	0.014961	58.720847	1.266976	0.610000
541	0.014961	56.023713	1.266976	0.610000
542	0.014961	37.898862	1.266976	0.610000
543	0.014961	33.553026	1.266976	0.610000
544	0.014961	56.352367	1.266976	0.610000
545	0.014961	57.354625	1.266976	0.610000
546	0.014961	39.572008	1.266976	0.610000
547	0.014961	46.457442	1.266976	0.610000
548	0.014961	37.032411	1.266976	0.610000
549	0.014961	15.588427	1.266976	0.610000
550	0.014961	54.673788	1.266976	0.610000
551	0.014961	46.834986	1.266976	0.610000
552	0.014961	41.571093	1.266976	0.610000
553	0.014961	1.812128	1.266976	0.610000
554	0.014961	45.903348	1.266976	0.610000
555	0.014961	19.206336	1.266976	0.610000
556	0.014961	9.028932	1.266976	0.610000
557	0.014961	31.488754	1.266976	0.610000
558	0.014961	68.428358	1.266976	0.610000
559	0.014961	71.888730	1.266976	0.610000
560	0.014961	83.494827	1.266976	0.610000
561	0.014961	89.760979	1.266976	0.610000
562	0.014961	27.102176	1.266976	0.610000
563	0.014961	63.963012	1.266976	0.610000
564	0.014961	53.274972	1.266976	0.610000
565	0.014961	89.483932	1.266976	0.610000
566	0.014961	80.496200	1.266976	0.610000
567	0.014961	50.822291	1.266976	0.610000
568	0.014961	72.434675	1.266976	0.610000
569	0.014961	76.272591	1.266976	0.610000
570	0.014961	36.880306	1.266976	0.610000
571	0.014961	15.783990	1.266976	0.610000
572	0.014961	53.046815	1.266976	0.610000
573	0.014961	60.320658	1.266976	0.610000
574	0.014961	47.888852	1.266976	0.610000
575	0.014961	69.829890	1.266976	0.610000
576	0.014961	56.113346	1.266976	0.610000
577	0.014961	56.317057	1.266976	0.610000
578	0.014961	54.899228	1.266976	0.610000
579	0.014961	31.985809	1.266976	0.610000
580	0.014961	48.513565	1.266976	0.610000
581	0.014961	67.200659	1.266976	0.610000
582	0.014961	26.895749	1.266976	0.610000
583	0.014961	17.416395	1.266976	0.610000
584	0.014961	18.912992	1.266976	0.610000
585	0.014961	59.041353	1.266976	0.610000
586	0.014961	46.921903	1.266976	0.610000
587	0.014961	55.689627	1.266976	0.610000
588	0.014961	66.040864	1.266976	0.610000
589	0.014961	18.866817	1.266976	0.610000
590	0.014961	60.774255	1.266976	0.610000
591	0.014961	10.302805	1.266976	0.610000
592	0.014961	28.221229	1.266976	0.610000
593	0.014961	53.660665	1.266976	0.610000
594	0.014961	36.098056	1.266976	0.610000
595	0.014961	47.011536	1.266976	0.610000
596	0.014961	47.600940	1.266976	0.610000
597	0.014961	88.345866	1.266976	0.610000
598	0.014961	78.584033	1.266976	0.610000
599	0.014961	73.909543	1.266976	0.610000
600	0.014961	35.929655	1.266976	0.610000
601	0.014961	11.025300	1.266976	0.610000
602	0.014961	7.334056	1.266976	0.610000
603	0.014961	2.895871	1.266976	0.610000
604	0.014961	58.346019	1.266976	0.610000
605	0.014961	1.277047	1.266976	0.610000
606	0.014961	72.157628	1.266976	0.610000
607	0.014961	56.493606	1.266976	0.610000
608	0.014961	47.044130	1.266976	0.610000
609	0.014961	20.754540	1.266976	0.610000
610	0.014961	89.837031	1.266976	0.610000
611	0.014878	32.550768	0.153024	-0.610000
612	0.014878	60.260903	0.153024	-0.610000
613	0.014878	70.902768	0.153024	-0.610000
614	0.014878	17.158361	0.153024	-0.610000
615	0.014878	43.909696	0.153024	-0.610000
616	0.014878	32.428541	0.153024	-0.610000
617	0.014878	19.037935	0.153024	-0.610000
618	0.014878	38.730003	0.153024	-0.610000
619	0.014878	43.502274	0.153024	-0.610000
620	0.014878	52.987060	0.153024	-0.610000
621	0.014878	63.639790	0.153024	-0.610000
622	0.014878	72.317881	0.153024	-0.610000
623	0.014878	28.970885	0.153024	-0.610000
624	0.014878	30.660329	0.153024	-0.610000
625	0.014878	17.033418	0.153024	-0.610000
626	0.014878	62.849391	0.153024	-0.610000
627	0.014878	17.291452	0.153024	-0.610000
628	0.014878	47.723167	0.153024	-0.610000
629	0.014878	78.336863	0.153024	-0.610000
630	0.014878	77.736595	0.153024	-0.610000
631	0.014878	81.474013	0.153024	-0.610000
632	0.014878	83.024934	0.153024	-0.610000
633	0.014878	28.911130	0.153024	-0.610000
634	0.014878	61.629841	0.153024	-0.610000
635	0.014878	73.811762	0.153024	-0.610000
636	0.014878	52.302591	0.153024	-0.610000
637	0.014878	57.093875	0.153024	-0.610000
638	0.014878	43.363750	0.153024	-0.610000
639	0.014878	39.808313	0.153024	-0.610000
640	0.014878	1.616565	0.153024	-0.610000
641	0.014878	55.510361	0.153024	-0.610000
642	0.014878	30.117100	0.153024	-0.610000
643	0.014878	57.210669	0.153024	-0.610000
644	0.014878	67.341899	0.153024	-0.610000
645	0.014878	63.745720	0.153024	-0.610000
646	0.014878	25.570269	0.153024	-0.610000
647	0.014878	59.231483	0.153024	-0.610000
648	0.014878	38.599628	0.153024	-0.610000
649	0.014878	34.625904	0.153024	-0.610000
650	0.014878	30.119816	0.153024	-0.610000
651	0.014878	67.496719	0.153024	-0.610000
652	0.014878	4.566301	0.153024	-0.610000
653	0.014878	83.959288	0.153024	-0.610000
654	0.014878	14.860500	0.153024	-0.610000
655	0.014878	58.723563	0.153024	-0.610000
656	0.014878	53.552019	0.153024	-0.610000
657	0.014878	24.918394	0.153024	-0.610000
658	0.014878	83.478530	0.153024	-0.610000
659	0.014878	68.697256	0.153024	-0.610000
660	0.014878	61.225135	0.153024	-0.610000
661	0.014878	58.957152	0.153024	-0.610000
662	0.014878	12.695730	0.153024	-0.610000
663	0.014878	24.513688	0.153024	-0.610000
664	0.014878	26.958220	0.153024	-0.610000
665	0.014878	89.445906	0.153024	-0.610000
666	0.014878	76.454573	0.153024	-0.610000
667	0.014878	86.702597	0.153024	-0.610000
668	0.014878	37.629963	0.153024	-0.610000
669	0.014878	63.865230	0.153024	-0.610000
670	0.014878	30.456618	0.153024	-0.610000
671	0.014878	13.187353	0.153024	-0.610000
672	0.014878	50.830439	0.153024	-0.610000
673	0.014878	56.827692	0.153024	-0.610000
674	0.014878	31.255165	0.153024	-0.610000
675	0.014878	17.682577	0.153024	-0.610000
676	0.014878	89.858760	0.153024	-0.610000
677	0.014878	7.679006	0.153024	-0.610000
678	0.014878	10.525529	0.153024	-0.610000
679	0.014878	32.466567	0.153024	-0.610000
680	0.014878	63.433363	0.153024	-0.610000
681	0.014878	50.026460	0.153024	-0.610000
682	0.014878	32.681143	0.153024	-0.610000
683	0.014878	26.175970	0.153024	-0.610000
684	0.014878	69.522965	0.153024	-0.610000
685	0.014878	11.875454	0.153024	-0.610000
686	0.014878	25.494217	0.153024	-0.610000
687	0.014878	66.562365	0.153024	-0.610000
688	0.014878	40.158696	0.153024	-0.610000
689	0.014878	2.765496	0.153024	-0.610000
690	0.014878	76.886441	0.153024	-0.610000
691	0.014878	19.765862	0.153024	-0.610000
692	0.014878	31.722343	0.153024	-0.610000
693	0.014884	43.613636	0.153024	-0.610000
694	0.014884	43.496841	0.153024	-0.610000
695	0.014884	68.192053	0.153024	-0.610000
696	0.014884	17.511460	0.153024	-0.610000
697	0.014884	32.556200	0.153024	-0.610000
698	0.014884	20.276498	0.153024	-0.610000
699	0.014884	69.403455	0.153024	-0.610000
700	0.014884	42.084445	0.153024	-0.610000
701	0.014884	49.605457	0.153024	-0.610000
702	0.014884	60.660176	0.153024	-0.610000
703	0.014884	6.206854	0.153024	-0.610000
704	0.014884	39.216193	0.153024	-0.610000
705	0.014884	68.357738	0.153024	-0.610000
706	0.014884	73.540147	0.153024	-0.610000
707	0.014884	84.339549	0.153024	-0.610000
708	0.014884	83.934843	0.153024	-0.610000
0	0.014825	35.122959	-1.306722	0.076302
1	0.014825	41.467879	-1.306722	0.076302
2	0.014825	52.449263	-1.306722	0.076302
3	0.014825	42.747185	-1.306722	0.076302
4	0.014825	62.754326	-1.306722	0.076302
5	0.014825	70.650166	-1.306722	0.076302
6	0.014825	32.825098	-1.306722	0.076302
7	0.014825	20.404157	-1.306722	0.076302
8	0.014825	5.777703	-1.306722	0.076302
9	0.014825	25.534959	-1.306722	0.076302
10	0.014825	88.481674	-1.306722	0.076302
11	0.014825	50.955382	-1.306722	0.076302
12	0.014825	69.191595	-1.306722	0.076302
13	0.014825	64.188452	-1.306722	0.076302
14	0.014825	51.547502	-1.306722	0.076302
15	0.014825	30.527238	-1.306722	0.076302
16	0.014825	28.571612	-1.306722	0.076302
17	0.014825	20.507370	-1.306722	0.076302
18	0.014825	45.952239	-1.306722	0.076302
19	0.014825	42.986206	-1.306722	0.076302
20	0.014825	89.883206	-1.306722	0.076302
21	0.014825	84.423750	-1.306722	0.076302
22	0.014825	59.943113	-1.306722	0.076302
23	0.014825	6.986389	-1.306722	0.076302
24	0.014825	1.442732	-1.306722	0.076302
25	0.014825	50.615864	-1.306722	0.076302
26	0.014825	75.042177	-1.306722	0.076302
27	0.014825	56.757073	-1.306722	0.076302
28	0.014825	58.712699	-1.306722	0.076302
29	0.014825	8.806207	-1.306722	0.076302
30	0.014825	53.312998	-1.306722	0.076302
31	0.014825	12.883145	-1.306722	0.076302
32	0.014825	33.028809	-1.306722	0.076302
33	0.014825	53.128300	-1.306722	0.076302
34	0.014825	19.391034	-1.306722	0.076302
35	0.014825	81.905881	-1.306722	0.076302
36	0.014878	21.004425	-0.773024	0.610000
37	0.014878	14.607898	-0.773024	0.610000
38	0.014878	73.130009	-0.773024	0.610000
39	0.014878	72.958892	-0.773024	0.610000
40	0.014878	46.674734	-0.773024	0.610000
41	0.014878	87.319163	-0.773024	0.610000
42	0.014878	35.294076	-0.773024	0.610000
43	0.014878	71.285745	-0.773024	0.610000
44	0.014878	10.099094	-0.773024	0.610000
45	0.014878	59.179876	-0.773024	0.610000
46	0.014878	75.256752	-0.773024	0.610000
47	0.014878	34.875790	-0.773024	0.610000
48	0.014878	18.570757	-0.773024	0.610000
49	0.014878	65.016877	-0.773024	0.610000
50	0.014878	64.978851	-0.773024	0.610000
51	0.014878	8.034822	-0.773024	0.610000
52	0.014878	24.054659	-0.773024	0.610000
53	0.014878	38.819636	-0.773024	0.610000
54	0.014878	76.329630	-0.773024	0.610000
55	0.014878	20.132542	-0.773024	0.610000
56	0.014878	49.048647	-0.773024	0.610000
57	0.014878	70.807703	-0.773024	0.610000
58	0.014878	33.034242	-0.773024	0.610000
59	0.014878	28.335307	-0.773024	0.610000
60	0.014878	13.494278	-0.773024	0.610000
61	0.014878	3.284280	-0.773024	0.610000
62	0.014878	44.227485	-0.773024	0.610000
63	0.014878	40.601428	-0.773024	0.610000
64	0.014878	88.943419	-0.773024	0.610000
65	0.014878	25.841884	-0.773024	0.610000
66	0.014878	53.978454	-0.773024	0.610000
67	0.014878	65.720359	-0.773024	0.610000
68	0.014878	58.547014	-0.773024	0.610000
69	0.014878	69.924955	-0.773024	0.610000
70	0.014878	66.709037	-0.773024	0.610000
71	0.014878	26.670309	-0.773024	0.610000
72	0.014878	33.132023	-0.773024	0.610000
73	0.014878	30.288217	-0.773024	0.610000
74	0.014878	27.919736	-0.773024	0.610000
75	0.014878	85.078341	-0.773024	0.610000
76	0.014878	22.935606	-0.773024	0.610000
77	0.014878	37.418104	-0.773024	0.610000
78	0.014878	86.121342	-0.773024	0.610000
79	0.014878	89.054781	-0.773024	0.610000
80	0.014878	3.181066	-0.773024	0.610000
81	0.014878	49.382733	-0.773024	0.610000
82	0.014878	48.358745	-0.773024	0.610000
83	0.014878	16.226722	-0.773024	0.610000
84	0.014878	20.189581	-0.773024	0.610000
85	0.014878	34.177740	-0.773024	0.610000
86	0.014878	1.279763	-0.773024	0.610000
87	0.014878	35.185430	-0.773024	0.610000
88	0.014878	18.106296	-0.773024	0.610000
89	0.014878	11.131230	-0.773024	0.610000
90	0.014878	20.116245	-0.773024	0.610000
91	0.014878	10.164281	-0.773024	0.610000
92	0.014878	89.975555	-0.773024	0.610000
93	0.014878	65.329234	-0.773024	0.610000
94	0.014878	47.473281	-0.773024	0.610000
95	0.014878	9.257088	-0.773024	0.610000
96	0.014878	32.265572	-0.773024	0.610000
97	0.014878	48.635792	-0.773024	0.610000
98	0.014878	89.391583	-0.773024	0.610000
99	0.014878	38.887539	-0.773024	0.610000
100	0.014878	63.539293	-0.773024	0.610000
101	0.014878	60.350536	-0.773024	0.610000
102	0.014878	30.532670	-0.773024	0.610000
103	0.014878	30.883053	-0.773024	0.610000
104	0.014878	73.385327	-0.773024	0.610000
105	0.014878	86.007263	-0.773024	0.610000
106	0.014878	16.919340	-0.773024	0.610000
107	0.014878	84.882778	-0.773024	0.610000
108	0.014878	63.308420	-0.773024	0.610000
109	0.014878	65.331950	-0.773024	0.610000
110	0.014878	85.116367	-0.773024	0.610000
111	0.014878	34.381451	-0.773024	0.610000
112	0.014878	35.704215	-0.773024	0.610000
113	0.014878	13.956023	-0.773024	0.610000
114	0.014878	75.294778	-0.773024	0.610000
115	0.014878	30.209449	-0.773024	0.610000
116	0.014878	34.590594	-0.773024	0.610000
117	0.014878	45.840876	-0.773024	0.610000
118	0.014797	20.040193	0.446976	-0.610000
119	0.014797	52.682852	0.446976	-0.610000
120	0.014797	18.242103	0.446976	-0.610000
121	0.014797	9.982299	0.446976	-0.610000
122	0.014797	88.373028	0.446976	-0.610000
123	0.014797	46.245582	0.446976	-0.610000
124	0.014797	89.402448	0.446976	-0.610000
125	0.014797	12.440413	0.446976	-0.610000
126	0.014797	9.786737	0.446976	-0.610000
127	0.014797	11.870022	0.446976	-0.610000
128	0.014797	51.191687	0.446976	-0.610000
129	0.014797	24.182318	0.446976	-0.610000
130	0.014797	83.845210	0.446976	-0.610000
131	0.014797	60.011017	0.446976	-0.610000
132	0.014797	60.429304	0.446976	-0.610000
133	0.014797	23.807489	0.446976	-0.610000
134	0.014797	51.104770	0.446976	-0.610000
135	0.014797	26.338939	0.446976	-0.610000
136	0.014797	11.440870	0.446976	-0.610000
137	0.014797	32.686575	0.446976	-0.610000
138	0.014797	66.896451	0.446976	-0.610000
139	0.014797	77.149907	0.446976	-0.610000
140	0.014797	45.110233	0.446976	-0.610000
141	0.014797	67.496719	0.446976	-0.610000
142	0.014797	53.755730	0.446976	-0.610000
143	0.014797	37.578356	0.446976	-0.610000
144	0.014797	83.220496	0.446976	-0.610000
145	0.014797	79.746544	0.446976	-0.610000
146	0.014797	72.016388	0.446976	-0.610000
147	0.014797	26.534501	0.446976	-0.610000
148	0.014797	70.840297	0.446976	-0.610000
149	0.014797	85.301065	0.446976	-0.610000
150	0.014797	31.371960	0.446976	-0.610000
151	0.014797	42.576067	0.446976	-0.610000
152	0.014797	72.855678	0.446976	-0.610000
153	0.014797	19.401898	0.446976	-0.610000
154	0.014797	47.913297	0.446976	-0.610000
155	0.014797	16.479324	0.446976	-0.610000
156	0.014797	38.306284	0.446976	-0.610000
157	0.014797	54.279946	0.446976	-0.610000
158	0.014797	36.448439	0.446976	-0.610000
159	0.014797	21.870876	0.446976	-0.610000
160	0.014797	69.696799	0.446976	-0.610000
161	0.014797	24.817896	0.446976	-0.610000
162	0.014797	20.586138	0.446976	-0.610000
163	0.014797	23.592914	0.446976	-0.610000
164	0.014797	31.939634	0.446976	-0.610000
165	0.014797	34.370586	0.446976	-0.610000
166	0.014797	17.457137	0.446976	-0.610000
167	0.014797	12.195959	0.446976	-0.610000
168	0.014797	50.094363	0.446976	-0.610000
169	0.014797	85.208716	0.446976	-0.610000
170	0.014797	89.478500	0.446976	-0.610000
171	0.014797	82.245399	0.446976	-0.610000
172	0.014797	18.505570	0.446976	-0.610000
173	0.014797	4.647786	0.446976	-0.610000
174	0.014797	43.078555	0.446976	-0.610000
175	0.014797	56.773370	0.446976	-0.610000
176	0.014797	26.583392	0.446976	-0.610000
177	0.014457	3.411939	1.320000	0.263024
178	0.014457	78.787744	1.320000	0.263024
179	0.014457	84.670919	1.320000	0.263024
180	0.014457	1.803980	1.320000	0.263024
181	0.014457	22.207678	1.320000	0.263024
182	0.014457	3.572192	1.320000	0.263024
183	0.014457	33.221656	1.320000	0.263024
184	0.014457	30.130680	1.320000	0.263024
185	0.014457	72.095157	1.320000	0.263024
186	0.014457	89.891354	1.320000	0.263024
187	0.014457	81.688589	1.320000	0.263024
188	0.014457	10.498367	1.320000	0.263024
189	0.014457	80.659169	1.320000	0.263024
190	0.014457	35.264199	1.320000	0.263024
191	0.014457	71.087466	1.320000	0.263024
192	0.014457	14.523698	1.320000	0.263024
193	0.014457	25.532243	1.320000	0.263024
194	0.014457	85.898618	1.320000	0.263024
195	0.014457	16.052889	1.320000	0.263024
196	0.014457	8.080996	1.320000	0.263024
197	0.014457	24.263802	1.320000	0.263024
198	0.014457	66.152226	1.320000	0.263024
199	0.014457	46.009278	1.320000	0.263024
200	0.014457	38.917417	1.320000	0.263024
201	0.014878	5.093234	1.320000	0.263024
202	0.014878	21.327647	1.320000	0.263024
203	0.014878	45.428022	1.320000	0.263024
204	0.014878	80.957945	1.320000	0.263024
205	0.014878	51.686026	1.320000	0.263024
206	0.014878	84.657338	1.320000	0.263024
207	0.014878	19.505112	1.320000	0.263024
208	0.014878	16.449446	1.320000	0.263024
209	0.014878	67.276711	1.320000	0.263024
210	0.014878	71.902310	1.320000	0.263024
211	0.014878	30.975402	1.320000	0.263024
212	0.014878	14.632344	1.320000	0.263024
213	0.014878	29.370159	1.320000	0.263024
214	0.014878	63.474105	1.320000	0.263024
215	0.014878	22.378796	1.320000	0.263024
216	0.014878	8.026673	1.320000	0.263024
217	0.014878	14.409619	1.320000	0.263024
218	0.014878	74.474502	1.320000	0.263024
219	0.014878	60.581408	1.320000	0.263024
220	0.014878	38.072695	1.320000	0.263024
221	0.014878	17.549486	1.320000	0.263024
222	0.014878	72.567766	1.320000	0.263024
223	0.014878	71.758354	1.320000	0.263024
224	0.014878	82.218238	1.320000	0.263024
225	0.014878	81.976501	1.320000	0.263024
226	0.014878	46.085330	1.320000	0.263024
227	0.014878	48.711844	1.320000	0.263024
228	0.014878	66.144078	1.320000	0.263024
229	0.014878	50.873898	1.320000	0.263024
230	0.014878	47.285867	1.320000	0.263024
231	0.014878	65.744804	1.320000	0.263024
232	0.014878	8.265694	1.320000	0.263024
233	0.014878	79.534684	1.320000	0.263024
234	0.014878	2.135350	1.320000	0.263024
235	0.014878	14.876797	1.320000	0.263024
236	0.014878	21.189123	1.320000	0.263024
237	0.014878	63.650655	1.320000	0.263024
238	0.014878	12.589801	1.320000	0.263024
239	0.014878	89.717521	1.320000	0.263024
240	0.014878	28.237526	1.320000	0.263024
241	0.014878	11.310495	1.320000	0.263024
242	0.014878	52.685568	1.320000	0.263024
243	0.014878	61.730338	1.320000	0.263024
244	0.014878	76.756066	1.320000	0.263024
245	0.014878	48.749870	1.320000	0.263024
246	0.014878	51.433424	1.320000	0.263024
247	0.014878	66.222846	1.320000	0.263024
248	0.014878	38.295419	1.320000	0.263024
249	0.014878	40.370556	1.320000	0.263024
250	0.014878	64.878353	1.320000	0.263024
251	0.014878	52.788781	1.320000	0.263024
252	0.014878	22.403241	1.320000	0.263024
253	0.014878	5.079653	1.320000	0.263024
254	0.014878	17.228980	1.320000	0.263024
255	0.014878	83.530137	1.320000	0.263024
256	0.014878	27.088595	1.320000	0.263024
257	0.014878	63.446944	1.320000	0.263024
258	0.014878	48.494552	1.320000	0.263024
259	0.014878	57.794641	1.320000	0.263024
260	0.014878	63.691397	1.320000	0.263024
261	0.014878	29.739555	1.320000	0.263024
262	0.014878	58.481826	1.320000	0.263024
263	0.014878	67.773766	1.320000	0.263024
264	0.014878	80.273476	1.320000	0.263024
265	0.014878	53.370037	1.320000	0.263024
266	0.014878	18.630512	1.320000	0.263024
267	0.014878	52.666555	1.320000	0.263024
268	0.014878	31.219855	1.320000	0.263024
269	0.014878	20.754540	1.320000	0.263024
270	0.014878	86.517899	1.320000	0.263024
271	0.014878	44.748985	1.320000	0.263024
272	0.014878	40.153264	1.320000	0.263024
273	0.014878	12.147069	1.320000	0.263024
274	0.014878	47.495010	1.320000	0.263024
275	0.014878	31.108493	1.320000	0.263024
276	0.014878	24.877651	1.320000	0.263024
277	0.014878	58.465529	1.320000	0.263024
278	0.014878	55.344676	1.320000	0.263024
279	0.014878	12.318186	1.320000	0.263024
280	0.014878	66.461867	1.320000	0.263024
281	0.014878	68.645650	1.320000	0.263024
282	0.014878	60.336955	1.320000	0.263024
283	0.014903	82.842952	-0.246976	-0.610000
284	0.014903	1.146672	-0.246976	-0.610000
285	0.014903	41.533067	-0.246976	-0.610000
286	0.014903	74.648335	-0.246976	-0.610000
287	0.014903	46.452010	-0.246976	-0.610000
288	0.014903	51.237861	-0.246976	-0.610000
289	0.014903	8.903989	-0.246976	-0.610000
290	0.014903	87.492996	-0.246976	-0.610000
291	0.014903	82.435530	-0.246976	-0.610000
292	0.014903	83.576312	-0.246976	-0.610000
293	0.014903	1.562243	-0.246976	-0.610000
294	0.014903	88.902676	-0.246976	-0.610000
295	0.014903	17.872707	-0.246976	-0.610000
296	0.014903	23.859096	-0.246976	-0.610000
297	0.014903	19.097690	-0.246976	-0.610000
298	0.014903	82.563189	-0.246976	-0.610000
299	0.014903	56.778802	-0.246976	-0.610000
300	0.014903	83.348155	-0.246976	-0.610000
301	0.014903	28.354320	-0.246976	-0.610000
302	0.014903	12.597949	-0.246976	-0.610000
303	0.014903	76.362224	-0.246976	-0.610000
304	0.014903	33.189062	-0.246976	-0.610000
305	0.014903	60.073489	-0.246976	-0.610000
306	0.014903	18.720145	-0.246976	-0.610000
307	0.014903	74.205603	-0.246976	-0.610000
308	0.014903	9.995880	-0.246976	-0.610000
309	0.014903	72.795923	-0.246976	-0.610000
310	0.014903	54.630329	-0.246976	-0.610000
311	0.014903	33.653523	-0.246976	-0.610000
312	0.014903	40.829585	-0.246976	-0.610000
313	0.014903	9.553148	-0.246976	-0.610000
314	0.014903	85.127232	-0.246976	-0.610000
315	0.014903	11.177404	-0.246976	-0.610000
316	0.014903	59.242347	-0.246976	-0.610000
317	0.014903	72.350475	-0.246976	-0.610000
318	0.014903	74.756981	-0.246976	-0.610000
319	0.014903	47.981201	-0.246976	-0.610000
320	0.014903	3.536882	-0.246976	-0.610000
321	0.014903	37.969481	-0.246976	-0.610000
322	0.014903	4.482101	-0.246976	-0.610000
323	0.014903	86.670003	-0.246976	-0.610000
324	0.014903	77.934874	-0.246976	-0.610000
325	0.014903	43.192633	-0.246976	-0.610000
326	0.014903	19.230781	-0.246976	-0.610000
327	0.014903	29.226203	-0.246976	-0.610000
328	0.014903	55.722221	-0.246976	-0.610000
329	0.014903	60.874752	-0.246976	-0.610000
330	0.014903	52.720878	-0.246976	-0.610000
331	0.014903	28.109867	-0.246976	-0.610000
332	0.014903	19.146580	-0.246976	-0.610000
333	0.014903	49.972137	-0.246976	-0.610000
334	0.014903	11.533219	-0.246976	-0.610000
335	0.014903	78.714408	-0.246976	-0.610000
336	0.014903	80.107791	-0.246976	-0.610000
337	0.014903	48.030091	-0.246976	-0.610000
338	0.014903	42.777062	-0.246976	-0.610000
339	0.014903	73.005066	-0.246976	-0.610000
340	0.014903	52.381359	-0.246976	-0.610000
341	0.014903	53.169042	-0.246976	-0.610000
342	0.014903	9.243507	-0.246976	-0.610000
343	0.014903	5.612018	-0.246976	-0.610000
344	0.014903	1.491623	-0.246976	-0.610000
345	0.014903	32.086306	-0.246976	-0.610000
346	0.014903	10.541826	-0.246976	-0.610000
347	0.014903	68.143162	-0.246976	-0.610000
348	0.014903	61.898740	-0.246976	-0.610000
349	0.014903	79.124546	-0.246976	-0.610000
350	0.014903	6.014008	-0.246976	-0.610000
351	0.014903	55.985687	-0.246976	-0.610000
352	0.014903	2.648701	-0.246976	-0.610000
353	0.014903	83.910398	-0.246976	-0.610000
354	0.014903	21.906186	-0.246976	-0.610000
355	0.014698	48.445662	-1.320000	0.463024
356	0.014698	46.172246	-1.320000	0.463024
357	0.014698	89.646901	-1.320000	0.463024
358	0.014698	66.690023	-1.320000	0.463024
359	0.014698	6.424146	-1.320000	0.463024
360	0.014698	39.341136	-1.320000	0.463024
361	0.014698	76.511612	-1.320000	0.463024
362	0.014698	79.920377	-1.320000	0.463024
363	0.014698	70.457320	-1.320000	0.463024
364	0.014698	83.478530	-1.320000	0.463024
365	0.014878	85.279336	-1.173024	0.610000
366	0.014878	17.552202	-1.173024	0.610000
367	0.014878	4.370739	-1.173024	0.610000
368	0.014878	78.464522	-1.173024	0.610000
369	0.014878	38.621357	-1.173024	0.610000
370	0.014878	43.116581	-1.173024	0.610000
371	0.014878	12.407819	-1.173024	0.610000
372	0.014878	41.587390	-1.173024	0.610000
373	0.014878	86.178381	-1.173024	0.610000
374	0.014878	37.676138	-1.173024	0.610000
375	0.014878	39.990295	-1.173024	0.610000
376	0.014878	80.322367	-1.173024	0.610000
377	0.014878	29.880795	-1.173024	0.610000
378	0.014878	88.927122	-1.173024	0.610000
379	0.014878	52.981628	-1.173024	0.610000
380	0.014878	10.623310	-1.173024	0.610000
381	0.014878	79.608020	-1.173024	0.610000
382	0.014878	15.414594	-1.173024	0.610000
383	0.014878	7.727897	-1.173024	0.610000
384	0.014878	81.017701	-1.173024	0.610000
385	0.014878	71.655141	-1.173024	0.610000
386	0.014878	31.222571	-1.173024	0.610000
387	0.014878	48.616779	-1.173024	0.610000
388	0.014878	34.992584	-1.173024	0.610000
389	0.014878	23.079562	-1.173024	0.610000
390	0.014878	73.032228	-1.173024	0.610000
391	0.014878	1.464461	-1.173024	0.610000
392	0.014878	18.975463	-1.173024	0.610000
393	0.014878	44.471938	-1.173024	0.610000
394	0.014878	73.013215	-1.173024	0.610000
395	0.014878	34.517258	-1.173024	0.610000
396	0.014878	34.476516	-1.173024	0.610000
397	0.014878	81.104617	-1.173024	0.610000
398	0.014878	34.408612	-1.173024	0.610000
399	0.014878	42.307169	-1.173024	0.610000
400	0.014878	17.582080	-1.173024	0.610000
401	0.014878	86.102329	-1.173024	0.610000
402	0.014878	57.224250	-1.173024	0.610000
403	0.014878	69.224189	-1.173024	0.610000
404	0.014878	3.449965	-1.173024	0.610000
405	0.014878	27.558489	-1.173024	0.610000
406	0.014878	60.937223	-1.173024	0.610000
407	0.014878	39.982147	-1.173024	0.610000
408	0.014878	55.963958	-1.173024	0.610000
409	0.014878	66.228278	-1.173024	0.610000
410	0.014878	63.637074	-1.173024	0.610000
411	0.014878	45.854457	-1.173024	0.610000
412	0.014878	43.195349	-1.173024	0.610000
413	0.014878	38.710990	-1.173024	0.610000
414	0.014878	52.487289	-1.173024	0.610000
415	0.014878	76.891873	-1.173024	0.610000
416	0.014878	6.858730	-1.173024	0.610000
417	0.014878	6.782678	-1.173024	0.610000
418	0.014878	37.934172	-1.173024	0.610000
419	0.014878	3.938871	-1.173024	0.610000
420	0.014878	49.363720	-1.173024	0.610000
421	0.014878	28.824213	-1.173024	0.610000
422	0.014878	38.537156	-1.173024	0.610000
423	0.014878	35.750389	-1.173024	0.610000
424	0.014878	41.671590	-1.173024	0.610000
425	0.014878	23.880825	-1.173024	0.610000
426	0.014878	54.877499	-1.173024	0.610000
427	0.014878	51.906034	-1.173024	0.610000
428	0.014878	33.572039	-1.173024	0.610000
429	0.014878	20.436750	-1.173024	0.610000
430	0.014878	46.394971	-1.173024	0.610000
431	0.014878	83.904965	-1.173024	0.610000
432	0.014878	67.586352	-1.173024	0.610000
433	0.014878	58.381329	-1.173024	0.610000
434	0.014878	58.606769	-1.173024	0.610000
435	0.014878	78.160314	-1.173024	0.610000
436	0.014878	11.085055	-1.173024	0.610000
437	0.014878	36.220283	-1.173024	0.610000
438	0.014878	69.577288	-1.173024	0.610000
439	0.014878	56.200262	-1.173024	0.610000
440	0.014878	65.853450	-1.173024	0.610000
441	0.014878	18.081851	-1.173024	0.610000
442	0.014878	59.071230	-1.173024	0.610000
443	0.014878	51.824549	-1.173024	0.610000
444	0.014878	77.674123	-1.173024	0.610000
445	0.014878	46.498184	-1.173024	0.610000
446	0.014878	47.283151	-1.173024	0.610000
447	0.014878	50.550676	0.046976	-0.610000
448	0.014878	85.181555	0.046976	-0.610000
449	0.014878	64.544267	0.046976	-0.610000
450	0.014878	72.565050	0.046976	-0.610000
451	0.014878	23.079562	0.046976	-0.610000
452	0.014878	52.549760	0.046976	-0.610000
453	0.014878	61.355510	0.046976	-0.610000
454	0.014878	33.020661	0.046976	-0.610000
455	0.014878	11.087771	0.046976	-0.610000
456	0.014878	68.249092	0.046976	-0.610000
457	0.014878	65.522080	0.046976	-0.610000
458	0.014878	73.426069	0.046976	-0.610000
459	0.014878	1.135807	0.046976	-0.610000
460	0.014878	22.460280	0.046976	-0.610000
461	0.014878	11.419141	0.046976	-0.610000
462	0.014878	18.334452	0.046976	-0.610000
463	0.014878	78.942564	0.046976	-0.610000
464	0.014878	45.360118	0.046976	-0.610000
465	0.014878	82.033540	0.046976	-0.610000
466	0.014878	45.813715	0.046976	-0.610000
467	0.014878	65.834437	0.046976	-0.610000
468	0.014878	6.891324	0.046976	-0.610000
469	0.014878	40.218451	0.046976	-0.610000
470	0.014878	34.677511	0.046976	-0.610000
471	0.014878	19.649068	0.046976	-0.610000
472	0.014878	72.206519	0.046976	-0.610000
473	0.014878	21.050600	0.046976	-0.610000
474	0.014878	46.655721	0.046976	-0.610000
475	0.014878	89.861476	0.046976	-0.610000
476	0.014878	79.404309	0.046976	-0.610000
477	0.014878	51.188971	0.046976	-0.610000
478	0.014878	88.392041	0.046976	-0.610000
479	0.014878	41.201697	0.046976	-0.610000
480	0.014878	89.766411	0.046976	-0.610000
481	0.014878	55.828150	0.046976	-0.610000
482	0.014878	12.676717	0.046976	-0.610000
483	0.014878	50.604999	0.046976	-0.610000
484	0.014878	55.083926	0.046976	-0.610000
485	0.014878	22.308176	0.046976	-0.610000
486	0.014878	17.826533	0.046976	-0.610000
487	0.014878	65.695914	0.046976	-0.610000
488	0.014878	62.314310	0.046976	-0.610000
489	0.014878	33.824641	0.046976	-0.610000
490	0.014878	23.598346	0.046976	-0.610000
491	0.014878	41.630848	0.046976	-0.610000
492	0.014878	79.127262	0.046976	-0.610000
493	0.014878	20.349834	0.046976	-0.610000
494	0.014878	73.578173	0.046976	-0.610000
495	0.014878	35.614582	0.046976	-0.610000
496	0.014878	37.581072	0.046976	-0.610000
497	0.014878	8.276559	0.046976	-0.610000
498	0.014878	42.418531	0.046976	-0.610000
499	0.014878	72.768761	0.046976	-0.610000
500	0.014878	69.547411	0.046976	-0.610000
501	0.014878	3.759606	0.046976	-0.610000
502	0.014878	85.847011	0.046976	-0.610000
503	0.014878	8.751885	0.046976	-0.610000
504	0.014878	40.017457	0.046976	-0.610000
505	0.014878	24.399609	0.046976	-0.610000
506	0.014878	22.848689	0.046976	-0.610000
507	0.014878	14.833338	0.046976	-0.610000
508	0.014878	61.010559	0.046976	-0.610000
509	0.014878	37.160070	0.046976	-0.610000
510	0.014878	66.929044	0.046976	-0.610000
511	0.014878	41.734062	0.046976	-0.610000
512	0.014878	64.177587	0.046976	-0.610000
513	0.014878	50.192145	0.046976	-0.610000
514	0.014878	27.862697	0.046976	-0.610000
515	0.014878	44.996155	0.046976	-0.610000
516	0.014878	25.784845	0.046976	-0.610000
517	0.014878	27.474288	0.046976	-0.610000
518	0.014878	23.831935	0.046976	-0.610000
519	0.014878	40.188574	0.046976	-0.610000
520	0.014878	79.252205	0.046976	-0.610000
521	0.014878	51.884304	0.046976	-0.610000
522	0.014878	3.371197	0.046976	-0.610000
523	0.014878	79.722098	0.046976	-0.610000
524	0.014878	61.836268	0.046976	-0.610000
525	0.014878	49.686941	0.046976	-0.610000
526	0.014878	49.010620	0.046976	-0.610000
527	0.014878	20.520951	0.046976	-0.610000
528	0.014878	44.708243	0.046976	-0.610000
529	0.013256	35.997559	1.266976	0.610000
530	0.013256	8.026673	1.266976	0.610000
531	0.013256	64.394879	1.266976	0.610000
532	0.013256	58.011933	1.266976	0.610000
533	0.014961	16.221290	1.266976	0.610000
534	0.014961	66.228278	1.266976	0.610000
535	0.014961	71.331919	1.266976	0.610000
536	0.014961	26.061892	1.266976	0.610000
537	0.014961	58.047243	1.266976	0.610000
538	0.014961	9.140294	1.266976	0.610000
539	0.014961	51.533921	1.266976	0.610000
540	0.014961	82.397504	1.266976	0.610000
541	0.014961	24.948271	1.266976	0.610000
542	0.014961	32.545335	1.266976	0.610000
543	0.014961	14.453078	1.266976	0.610000
544	0.014961	54.766137	1.266976	0.610000
545	0.014961	19.841914	1.266976	0.610000
546	0.014961	45.740379	1.266976	0.610000
547	0.014961	67.632527	1.266976	0.610000
548	0.014961	69.761986	1.266976	0.610000
549	0.014961	50.800562	1.266976	0.610000
550	0.014961	62.444685	1.266976	0.610000
551	0.014961	11.598407	1.266976	0.610000
552	0.014961	88.231788	1.266976	0.610000
553	0.014961	56.447432	1.266976	0.610000
554	0.014961	46.750786	1.266976	0.610000
555	0.014961	35.636311	1.266976	0.610000
556	0.014961	54.133274	1.266976	0.610000
557	0.014961	49.037782	1.266976	0.610000
558	0.014961	29.046937	1.266976	0.610000
559	0.014961	69.664205	1.266976	0.610000
560	0.014961	69.979278	1.266976	0.610000
561	0.014961	88.731559	1.266976	0.610000
562	0.014961	16.275613	1.266976	0.610000
563	0.014961	20.048341	1.266976	0.610000
564	0.014961	56.526200	1.266976	0.610000
565	0.014961	25.127537	1.266976	0.610000
566	0.014961	66.491745	1.266976	0.610000
567	0.014961	46.620411	1.266976	0.610000
568	0.014961	89.902219	1.266976	0.610000
569	0.014961	54.567858	1.266976	0.610000
570	0.014961	52.052705	1.266976	0.610000
571	0.014961	82.641957	1.266976	0.610000
572	0.014961	72.752464	1.266976	0.610000
573	0.014961	71.242286	1.266976	0.610000
574	0.014961	15.422742	1.266976	0.610000
575	0.014961	69.063936	1.266976	0.610000
576	0.014961	21.656301	1.266976	0.610000
577	0.014961	17.644551	1.266976	0.610000
578	0.014961	18.967315	1.266976	0.610000
579	0.014961	15.803003	1.266976	0.610000
580	0.014961	72.385784	1.266976	0.610000
581	0.014961	13.388348	1.266976	0.610000
582	0.014961	36.600543	1.266976	0.610000
583	0.014961	26.360668	1.266976	0.610000
584	0.014961	61.200690	1.266976	0.610000
585	0.014961	64.921812	1.266976	0.610000
586	0.014961	34.769860	1.266976	0.610000
587	0.014961	21.520493	1.266976	0.610000
588	0.014961	8.846950	1.266976	0.610000
589	0.014961	4.169744	1.266976	0.610000
590	0.014961	78.632923	1.266976	0.610000
591	0.014961	10.454909	1.266976	0.610000
592	0.014961	30.407727	1.266976	0.610000
593	0.014961	81.672292	1.266976	0.610000
594	0.014961	76.840266	1.266976	0.610000
595	0.014961	21.974090	1.266976	0.610000
596	0.014961	18.614216	1.266976	0.610000
597	0.014961	14.154302	1.266976	0.610000
598	0.014961	68.846644	1.266976	0.610000
599	0.014961	10.251198	1.266976	0.610000
600	0.014961	26.868587	1.266976	0.610000
601	0.014961	27.194525	1.266976	0.610000
602	0.014961	45.134678	1.266976	0.610000
603	0.014961	4.750999	1.266976	0.610000
604	0.014961	8.540025	1.266976	0.610000
605	0.014961	1.885464	1.266976	0.610000
606	0.014961	26.276467	1.266976	0.610000
607	0.014961	17.674429	1.266976	0.610000
608	0.014961	16.761803	1.266976	0.610000
609	0.014961	88.125858	1.266976	0.610000
610	0.014961	14.227638	1.266976	0.610000
611	0.014878	67.708579	0.153024	-0.610000
612	0.014878	55.328379	0.153024	-0.610000
613	0.014878	50.504501	0.153024	-0.610000
614	0.014878	7.771355	0.153024	-0.610000
615	0.014878	11.313211	0.153024	-0.610000
616	0.014878	61.887875	0.153024	-0.610000
617	0.014878	86.365795	0.153024	-0.610000
618	0.014878	51.498611	0.153024	-0.610000
619	0.014878	74.422895	0.153024	-0.610000
620	0.014878	15.088656	0.153024	-0.610000
621	0.014878	26.013001	0.153024	-0.610000
622	0.014878	65.247749	0.153024	-0.610000
623	0.014878	84.711661	0.153024	-0.610000
624	0.014878	23.799341	0.153024	-0.610000
625	0.014878	10.666768	0.153024	-0.610000
626	0.014878	46.413984	0.153024	-0.610000
627	0.014878	77.321024	0.153024	-0.610000
628	0.014878	34.082675	0.153024	-0.610000
629	0.014878	3.145756	0.153024	-0.610000
630	0.014878	36.024720	0.153024	-0.610000
631	0.014878	7.274300	0.153024	-0.610000
632	0.014878	80.091494	0.153024	-0.610000
633	0.014878	69.821741	0.153024	-0.610000
634	0.014878	84.972411	0.153024	-0.610000
635	0.014878	84.369427	0.153024	-0.610000
636	0.014878	2.515610	0.153024	-0.610000
637	0.014878	34.881222	0.153024	-0.610000
638	0.014878	56.344218	0.153024	-0.610000
639	0.014878	86.816675	0.153024	-0.610000
640	0.014878	5.772271	0.153024	-0.610000
641	0.014878	89.456771	0.153024	-0.610000
642	0.014878	34.237495	0.153024	-0.610000
643	0.014878	59.443342	0.153024	-0.610000
644	0.014878	87.528306	0.153024	-0.610000
645	0.014878	66.559648	0.153024	-0.610000
646	0.014878	17.962340	0.153024	-0.610000
647	0.014878	40.704642	0.153024	-0.610000
648	0.014878	67.806360	0.153024	-0.610000
649	0.014878	32.493728	0.153024	-0.610000
650	0.014878	28.033815	0.153024	-0.610000
651	0.014878	67.293008	0.153024	-0.610000
652	0.014878	31.244301	0.153024	-0.610000
653	0.014878	83.644215	0.153024	-0.610000
654	0.014878	14.898526	0.153024	-0.610000
655	0.014878	58.652944	0.153024	-0.610000
656	0.014878	61.733055	0.153024	-0.610000
657	0.014878	41.228858	0.153024	-0.610000
658	0.014878	73.732994	0.153024	-0.610000
659	0.014878	29.136570	0.153024	-0.610000
660	0.014878	62.012818	0.153024	-0.610000
661	0.014878	48.095279	0.153024	-0.610000
662	0.014878	89.296518	0.153024	-0.610000
663	0.014878	52.134190	0.153024	-0.610000
664	0.014878	50.466475	0.153024	-0.610000
665	0.014878	89.989135	0.153024	-0.610000
666	0.014878	26.175970	0.153024	-0.610000
667	0.014878	67.895993	0.153024	-0.610000
668	0.014878	36.709189	0.153024	-0.610000
669	0.014878	68.390332	0.153024	-0.610000
670	0.014878	77.402509	0.153024	-0.610000
671	0.014878	27.406384	0.153024	-0.610000
672	0.014878	46.158666	0.153024	-0.610000
673	0.014878	49.472365	0.153024	-0.610000
674	0.014878	17.742332	0.153024	-0.610000
675	0.014878	19.018921	0.153024	-0.610000
676	0.014878	18.214942	0.153024	-0.610000
677	0.014878	2.124485	0.153024	-0.610000
678	0.014878	89.701224	0.153024	-0.610000
679	0.014878	69.183447	0.153024	-0.610000
680	0.014878	59.245064	0.153024	-0.610000
681	0.014878	73.686819	0.153024	-0.610000
682	0.014878	9.509690	0.153024	-0.610000
683	0.014878	64.992431	0.153024	-0.610000
684	0.014878	62.987915	0.153024	-0.610000
685	0.014878	4.294687	0.153024	-0.610000
686	0.014878	23.128452	0.153024	-0.610000
687	0.014878	23.910703	0.153024	-0.610000
688	0.014878	69.571856	0.153024	-0.610000
689	0.014878	63.514847	0.153024	-0.610000
690	0.014878	65.557390	0.153024	-0.610000
691	0.014878	1.391125	0.153024	-0.610000
692	0.014878	19.771294	0.153024	-0.610000
693	0.014884	63.153600	0.153024	-0.610000
694	0.014884	63.455092	0.153024	-0.610000
695	0.014884	39.683370	0.153024	-0.610000
696	0.014884	8.675832	0.153024	-0.610000
697	0.014884	75.897763	0.153024	-0.610000
698	0.014884	15.398297	0.153024	-0.610000
699	0.014884	71.644276	0.153024	-0.610000
700	0.014884	51.427992	0.153024	-0.610000
701	0.014884	36.725486	0.153024	-0.610000
702	0.014884	41.758507	0.153024	-0.610000
703	0.014884	4.778161	0.153024	-0.610000
704	0.014884	20.173284	0.153024	-0.610000
705	0.014884	76.666433	0.153024	-0.610000
706	0.014884	17.522324	0.153024	-0.610000
707	0.014884	77.356334	0.153024	-0.610000
708	0.014884	10.894925	0.153024	-0.610000
709	0.014884	11.935209	0.153024	-0.610000
710	0.014877	48.049104	-1.320000	0.356976
711	0.014877	20.808863	-1.320000	0.356976
712	0.014877	19.279672	-1.320000	0.356976
713	0.014877	15.965972	-1.320000	0.356976
714	0.014877	66.084323	-1.320000	0.356976
715	0.014877	57.284005	-1.320000	0.356976
716	0.014877	74.268075	-1.320000	0.356976
717	0.014877	7.363933	-1.320000	0.356976
718	0.014877	77.008667	-1.320000	0.356976
719	0.014877	41.522202	-1.320000	0.356976
720	0.014877	64.460067	-1.320000	0.356976
721	0.014877	48.342448	-1.320000	0.356976
722	0.014877	42.681997	-1.320000	0.356976
723	0.014877	42.948180	-1.320000	0.356976
724	0.014877	50.007447	-1.320000	0.356976
725	0.014877	87.626087	-1.320000	0.356976
726	0.014877	40.832301	-1.320000	0.356976
727	0.014877	12.190527	-1.320000	0.356976
728	0.014877	28.185919	-1.320000	0.356976
729	0.014877	7.407392	-1.320000	0.356976
730	0.014877	46.310770	-1.320000	0.356976
731	0.014877	47.837245	-1.320000	0.356976
732	0.014877	34.267373	-1.320000	0.356976
733	0.014877	88.356731	-1.320000	0.356976
734	0.014877	60.247322	-1.320000	0.356976
735	0.014877	64.674642	-1.320000	0.356976
736	0.014877	79.852474	-1.320000	0.356976
737	0.014877	4.183325	-1.320000	0.356976
738	0.014877	22.389660	-1.320000	0.356976
739	0.014877	23.264260	-1.320000	0.356976
740	0.014877	9.354869	-1.320000	0.356976
741	0.014877	19.871792	-1.320000	0.356976
742	0.014877	54.608600	-1.320000	0.356976
743	0.014877	56.050874	-1.320000	0.356976
744	0.014877	22.764489	-1.320000	0.356976
745	0.014877	13.024384	-1.320000	0.356976
746	0.014877	25.950529	-1.320000	0.356976
747	0.014877	47.842677	-1.320000	0.356976
748	0.014877	76.321482	-1.320000	0.356976
749	0.014877	81.403394	-1.320000	0.356976
750	0.014877	55.138249	-1.320000	0.356976
751	0.014877	52.924589	-1.320000	0.356976
752	0.014877	66.320627	-1.320000	0.356976
753	0.014877	47.188086	-1.320000	0.356976
754	0.014877	50.936369	-1.320000	0.356976
755	0.014877	38.580615	-1.320000	0.356976
756	0.014877	75.650594	-1.320000	0.356976
757	0.014877	18.972747	-1.320000	0.356976
758	0.014877	84.290658	-1.320000	0.356976
759	0.014877	70.324229	-1.320000	0.356976
760	0.014877	7.241707	-1.320000	0.356976
761	0.014877	34.033784	-1.320000	0.356976
762	0.014877	48.624928	-1.320000	0.356976
763	0.014877	51.596393	-1.320000	0.356976
764	0.014877	20.099948	-1.320000	0.356976
765	0.014877	51.911466	-1.320000	0.356976
766	0.014877	46.240150	-1.320000	0.356976
767	0.014877	44.235633	-1.320000	0.356976
768	0.014877	24.008484	-1.320000	0.356976
769	0.014877	12.828822	-1.320000	0.356976
770	0.014877	46.180395	-1.320000	0.356976
771	0.014877	15.474349	-1.320000	0.356976
772	0.014877	4.666799	-1.320000	0.356976
773	0.014877	74.976989	-1.320000	0.356976
774	0.014877	73.502121	-1.320000	0.356976
775	0.014878	37.776635	-0.353024	-0.610000
776	0.014878	58.337870	-0.353024	-0.610000
777	0.014878	32.197668	-0.353024	-0.610000
778	0.014878	9.330424	-0.353024	-0.610000
779	0.014878	54.247353	-0.353024	-0.610000
780	0.014878	38.662099	-0.353024	-0.610000
781	0.014878	73.110996	-0.353024	-0.610000
782	0.014878	83.655080	-0.353024	-0.610000
783	0.014878	57.968474	-0.353024	-0.610000
784	0.014878	8.857814	-0.353024	-0.610000
785	0.014878	14.184179	-0.353024	-0.610000
786	0.014878	72.171209	-0.353024	-0.610000
787	0.014878	64.967986	-0.353024	-0.610000
788	0.014878	66.907315	-0.353024	-0.610000
789	0.014878	57.819086	-0.353024	-0.610000
790	0.014878	59.217902	-0.353024	-0.610000
791	0.014878	17.150212	-0.353024	-0.610000
792	0.014878	24.872219	-0.353024	-0.610000
793	0.014878	29.943266	-0.353024	-0.610000
794	0.014878	66.076174	-0.353024	-0.610000
795	0.014878	62.955321	-0.353024	-0.610000
796	0.014878	2.081027	-0.353024	-0.610000
797	0.014878	59.177160	-0.353024	-0.610000
798	0.014878	71.633412	-0.353024	-0.610000
799	0.014878	17.014405	-0.353024	-0.610000
800	0.014878	10.240333	-0.353024	-0.610000
801	0.014878	8.059267	-0.353024	-0.610000
802	0.014878	38.768029	-0.353024	-0.610000
803	0.014878	48.624928	-0.353024	-0.610000
804	0.014878	35.182714	-0.353024	-0.610000
805	0.014878	84.448195	-0.353024	-0.610000
806	0.014878	49.382733	-0.353024	-0.610000
807	0.014878	65.266762	-0.353024	-0.610000
808	0.014878	28.414075	-0.353024	-0.610000
809	0.014878	32.488296	-0.353024	-0.610000
810	0.014878	72.486282	-0.353024	-0.610000
811	0.014878	18.980895	-0.353024	-0.610000
812	0.014878	67.086581	-0.353024	-0.610000
813	0.014878	43.352886	-0.353024	-0.610000
814	0.014878	2.219550	-0.353024	-0.610000
815	0.014878	25.907071	-0.353024	-0.610000
816	0.014878	6.565386	-0.353024	-0.610000
817	0.014878	73.119144	-0.353024	-0.610000
818	0.014878	24.274667	-0.353024	-0.610000
819	0.014878	34.699240	-0.353024	-0.610000
820	0.014878	41.272317	-0.353024	-0.610000
821	0.014878	84.939817	-0.353024	-0.610000
822	0.014878	78.540574	-0.353024	-0.610000
823	0.014878	70.158544	-0.353024	-0.610000
824	0.014878	73.882382	-0.353024	-0.610000
825	0.014878	38.966308	-0.353024	-0.610000
826	0.014878	78.440077	-0.353024	-0.610000
827	0.014878	75.848872	-0.353024	-0.610000
828	0.014878	20.654042	-0.353024	-0.610000
829	0.014878	11.085055	-0.353024	-0.610000
830	0.014878	10.859615	-0.353024	-0.610000
831	0.014878	25.966826	-0.353024	-0.610000
832	0.014878	20.928373	-0.353024	-0.610000
833	0.014878	64.995148	-0.353024	-0.610000
834	0.014878	64.058077	-0.353024	-0.610000
835	0.014878	42.250130	-0.353024	-0.610000
836	0.014878	8.529160	-0.353024	-0.610000
837	0.014878	80.637440	-0.353024	-0.610000
838	0.014878	85.447737	-0.353024	-0.610000
839	0.014878	29.199042	-0.353024	-0.610000
840	0.014878	16.191412	-0.353024	-0.610000
841	0.014878	53.552019	-0.353024	-0.610000
842	0.014878	29.693381	-0.353024	-0.610000
843	0.014878	76.438276	-0.353024	-0.610000
844	0.014878	47.668844	-0.353024	-0.610000
845	0.014878	89.147130	-0.353024	-0.610000
846	0.014878	76.036287	-0.353024	-0.610000
847	0.014878	73.404340	-0.353024	-0.610000
848	0.014878	87.713004	-0.353024	-0.610000
849	0.014878	72.431959	-0.353024	-0.610000
850	0.014878	28.172338	-0.353024	-0.610000
851	0.014878	52.264565	-0.353024	-0.610000
852	0.014878	63.517563	-0.353024	-0.610000
853	0.014878	17.261574	-0.353024	-0.610000
854	0.014878	57.710440	-0.353024	-0.610000
855	0.014878	60.231025	-0.353024	-0.610000
856	0.014878	60.861171	-0.353024	-0.610000
857	0.014614	7.581225	0.866976	0.610000
858	0.014614	1.510636	0.866976	0.610000
859	0.014614	9.123997	0.866976	0.610000
860	0.014614	74.531541	0.866976	0.610000
861	0.014614	22.740043	0.866976	0.610000
862	0.014614	74.884640	0.866976	0.610000
863	0.014614	83.459517	0.866976	0.610000
864	0.014614	41.228858	0.866976	0.610000
865	0.014614	72.402081	0.866976	0.610000
866	0.014614	32.985351	0.866976	0.610000
867	0.014614	18.793481	0.866976	0.610000
868	0.014614	57.626240	0.866976	0.610000
869	0.014614	43.054109	0.866976	0.610000
870	0.014614	87.411512	0.866976	0.610000
871	0.014614	56.672872	0.866976	0.610000
872	0.014614	18.649525	0.866976	0.610000
873	0.014614	37.692434	0.866976	0.610000
874	0.014614	76.280740	0.866976	0.610000
875	0.014614	18.907559	0.866976	0.610000
876	0.014614	2.773644	0.866976	0.610000
877	0.014614	76.663717	0.866976	0.610000
878	0.014614	16.824274	0.866976	0.610000
879	0.014614	19.521409	0.866976	0.610000
880	0.014614	16.340800	0.866976	0.610000
881	0.014614	30.225745	0.866976	0.610000
882	0.014614	51.808252	0.866976	0.610000
883	0.014614	58.063540	0.866976	0.610000
884	0.014614	67.697714	0.866976	0.610000
885	0.014614	74.881924	0.866976	0.610000
886	0.014614	70.715354	0.866976	0.610000
887	0.014614	54.660207	0.866976	0.610000
888	0.014750	73.181616	0.866976	0.610000
889	0.014750	51.930479	0.866976	0.610000
890	0.014750	43.132878	0.866976	0.610000
891	0.014750	62.531602	0.866976	0.610000
892	0.014750	31.708762	0.866976	0.610000
893	0.014750	67.390790	0.866976	0.610000
894	0.014750	10.191443	0.866976	0.610000
895	0.014750	82.261696	0.866976	0.610000
896	0.014750	59.084811	0.866976	0.610000
897	0.014750	88.709830	0.866976	0.610000
898	0.014750	59.513962	0.866976	0.610000
899	0.014750	14.610614	0.866976	0.610000
900	0.014750	6.660451	0.866976	0.610000
901	0.014750	76.370373	0.866976	0.610000
902	0.014750	30.521805	0.866976	0.610000
903	0.014750	66.176672	0.866976	0.610000
904	0.014750	35.552110	0.866976	0.610000
905	0.014750	7.882717	0.866976	0.610000
906	0.014750	76.590381	0.866976	0.610000
907	0.014750	8.602496	0.866976	0.610000
908	0.014750	2.034852	0.866976	0.610000
909	0.014750	86.235420	0.866976	0.610000
910	0.014750	50.852168	0.866976	0.610000
911	0.014750	8.735588	0.866976	0.610000
912	0.014750	4.289254	0.866976	0.610000
913	0.014750	45.256905	0.866976	0.610000
914	0.014750	88.169317	0.866976	0.610000
915	0.014750	6.399701	0.866976	0.610000
916	0.014750	35.147404	0.866976	0.610000
917	0.014750	69.034059	0.866976	0.610000
918	0.014750	83.073824	0.866976	0.610000
919	0.014750	1.149388	0.866976	0.610000
920	0.014750	22.989929	0.866976	0.610000
921	0.014750	12.807093	0.866976	0.610000
922	0.014750	80.164830	0.866976	0.610000
923	0.014750	4.723838	0.866976	0.610000
924	0.014750	74.474502	0.866976	0.610000
925	0.014750	65.446028	0.866976	0.610000
926	0.014750	77.818079	0.866976	0.610000
927	0.014750	62.545183	0.866976	0.610000
928	0.014750	65.217872	0.866976	0.610000
929	0.014750	75.004151	0.866976	0.610000
930	0.014750	15.642750	0.866976	0.610000
931	0.014750	79.961119	0.866976	0.610000
932	0.014750	83.117283	0.866976	0.610000
933	0.014750	54.402173	0.866976	0.610000
934	0.014750	48.570605	0.866976	0.610000
935	0.014750	34.615040	0.866976	0.610000
936	0.014750	69.441481	0.866976	0.610000
937	0.014750	67.746605	0.866976	0.610000
938	0.014750	8.999054	0.866976	0.610000
939	0.014750	43.627216	0.866976	0.610000
940	0.014878	73.379894	0.553024	-0.610000
941	0.014878	56.349651	0.553024	-0.610000
942	0.014878	28.900266	0.553024	-0.610000
943	0.014878	65.924070	0.553024	-0.610000
944	0.014878	88.172033	0.553024	-0.610000
945	0.014878	29.935118	0.553024	-0.610000
946	0.014878	66.260872	0.553024	-0.610000
947	0.014878	43.488693	0.553024	-0.610000
948	0.014878	83.483963	0.553024	-0.610000
949	0.014878	25.127537	0.553024	-0.610000
950	0.014878	40.826868	0.553024	-0.610000
951	0.014878	83.804468	0.553024	-0.610000
952	0.014878	3.221809	0.553024	-0.610000
953	0.014878	78.665517	0.553024	-0.610000
954	0.014878	14.499252	0.553024	-0.610000
955	0.014878	63.270394	0.553024	-0.610000
956	0.014878	76.386670	0.553024	-0.610000
957	0.014878	62.469131	0.553024	-0.610000
958	0.014878	74.311533	0.553024	-0.610000
959	0.014878	33.892544	0.553024	-0.610000
960	0.014878	53.128300	0.553024	-0.610000
961	0.014878	73.024079	0.553024	-0.610000
962	0.014878	65.399854	0.553024	-0.610000
963	0.014878	12.000397	0.553024	-0.610000
964	0.014878	27.743187	0.553024	-0.610000
965	0.014878	65.130955	0.553024	-0.610000
966	0.014878	77.866970	0.553024	-0.610000
967	0.014878	86.297891	0.553024	-0.610000
968	0.014878	36.638569	0.553024	-0.610000
969	0.014878	45.561113	0.553024	-0.610000
970	0.014878	54.929106	0.553024	-0.610000
971	0.014878	46.997955	0.553024	-0.610000
972	0.014878	25.005310	0.553024	-0.610000
973	0.014878	50.648457	0.553024	-0.610000
974	0.014878	49.295816	0.553024	-0.610000
975	0.014878	7.369366	0.553024	-0.610000
976	0.014878	40.373272	0.553024	-0.610000
977	0.014878	66.334208	0.553024	-0.610000
978	0.014878	29.133854	0.553024	-0.610000
979	0.014878	62.444685	0.553024	-0.610000
980	0.014878	21.601978	0.553024	-0.610000
981	0.014878	4.712973	0.553024	-0.610000
982	0.014878	48.559740	0.553024	-0.610000
983	0.014878	11.131230	0.553024	-0.610000
984	0.014878	20.594287	0.553024	-0.610000
985	0.014878	73.608051	0.553024	-0.610000
986	0.014878	40.069063	0.553024	-0.610000
987	0.014878	34.634053	0.553024	-0.610000
988	0.014878	47.285867	0.553024	-0.610000
989	0.014878	51.180822	0.553024	-0.610000
990	0.014878	43.760308	0.553024	-0.610000
991	0.014878	64.299814	0.553024	-0.610000
992	0.014878	19.103122	0.553024	-0.610000
993	0.014878	27.164647	0.553024	-0.610000
994	0.014878	41.845424	0.553024	-0.610000
995	0.014878	66.812250	0.553024	-0.610000
996	0.014878	73.586322	0.553024	-0.610000
997	0.014878	54.690085	0.553024	-0.610000
998	0.014878	35.253334	0.553024	-0.610000
999	0.014878	47.940458	0.553024	-0.610000
1000	0.014878	34.245643	0.553024	-0.610000
1001	0.014878	28.261971	0.553024	-0.610000
1002	0.014878	64.815882	0.553024	-0.610000
1003	0.014878	44.634907	0.553024	-0.610000
1004	0.014878	68.401196	0.553024	-0.610000
1005	0.014878	79.931242	0.553024	-0.610000
1006	0.014878	12.891293	0.553024	-0.610000
1007	0.014878	63.770165	0.553024	-0.610000
1008	0.014878	81.074740	0.553024	-0.610000
1009	0.014878	50.173132	0.553024	-0.610000
1010	0.014878	44.860347	0.553024	-0.610000
1011	0.014878	59.288522	0.553024	-0.610000
1012	0.014878	61.684164	0.553024	-0.610000
1013	0.014878	16.509201	0.553024	-0.610000
1014	0.014878	13.382916	0.553024	-0.610000
1015	0.014878	84.057070	0.553024	-0.610000
1016	0.014878	84.603015	0.553024	-0.610000
1017	0.014878	80.401135	0.553024	-0.610000
1018	0.014878	19.825617	0.553024	-0.610000
1019	0.014878	85.195135	0.553024	-0.610000
1020	0.014878	44.298105	0.553024	-0.610000
1021	0.014878	60.459181	0.553024	-0.610000
1022	0.014841	10.783563	0.553024	-0.610000
1023	0.014841	13.152043	0.553024	-0.610000
1024	0.014841	51.207984	0.553024	-0.610000
1025	0.014841	51.485031	0.553024	-0.610000
1026	0.014841	70.071627	0.553024	-0.610000
1027	0.014841	69.362712	0.553024	-0.610000
1028	0.014841	55.961241	0.553024	-0.610000
1029	0.014841	5.372997	0.553024	-0.610000
1030	0.014841	85.110935	0.553024	-0.610000
1031	0.014841	71.663289	0.553024	-0.610000
1032	0.014841	73.157170	0.553024	-0.610000
1033	0.014841	5.440901	0.553024	-0.610000
1034	0.014841	3.132176	0.553024	-0.610000
1035	0.014841	76.373089	0.553024	-0.610000
1036	0.014841	17.324046	0.553024	-0.610000
1037	0.014841	13.152043	0.553024	-0.610000
1038	0.014841	68.069826	0.553024	-0.610000
1039	0.014841	79.219611	0.553024	-0.610000
1040	0.014841	77.231391	0.553024	-0.610000
1041	0.014841	46.834986	0.553024	-0.610000
1042	0.014841	28.549883	0.553024	-0.610000
1043	0.014841	43.953154	0.553024	-0.610000
1044	0.014841	18.187780	0.553024	-0.610000
1045	0.014841	16.381542	0.553024	-0.610000
1046	0.014841	89.940245	0.553024	-0.610000
1047	0.014841	38.898404	0.553024	-0.610000
1048	0.014841	29.516831	0.553024	-0.610000
1049	0.014841	84.467208	0.553024	-0.610000
1050	0.014841	19.768578	0.553024	-0.610000
1051	0.014841	39.227058	0.553024	-0.610000
1052	0.014841	82.834803	0.553024	-0.610000
1053	0.014841	66.339640	0.553024	-0.610000
1054	0.014841	69.533830	0.553024	-0.610000
1055	0.014841	65.261330	0.553024	-0.610000
1056	0.014841	62.289865	0.553024	-0.610000
1057	0.014841	73.689535	0.553024	-0.610000
1058	0.014841	33.197211	0.553024	-0.610000
1059	0.014841	36.538072	0.553024	-0.610000
1060	0.014841	35.467910	0.553024	-0.610000
1061	0.014841	24.627766	0.553024	-0.610000
1062	0.014841	16.340800	0.553024	-0.610000
1063	0.014841	11.992248	0.553024	-0.610000
1064	0.014841	78.032655	0.553024	-0.610000
1065	0.014841	47.348338	0.553024	-0.610000
1066	0.014920	37.388226	-1.320000	-0.043024
1067	0.014920	17.937895	-1.320000	-0.043024
1068	0.014920	88.826624	-1.320000	-0.043024
1069	0.014920	22.424970	-1.320000	-0.043024
1070	0.014920	76.747917	-1.320000	-0.043024
1071	0.014920	45.221595	-1.320000	-0.043024
1072	0.014920	76.582232	-1.320000	-0.043024
1073	0.014920	24.358867	-1.320000	-0.043024
1074	0.014920	9.338572	-1.320000	-0.043024
1075	0.014920	40.275491	-1.320000	-0.043024
1076	0.014920	19.855495	-1.320000	-0.043024
1077	0.014920	85.358104	-1.320000	-0.043024
1078	0.014920	57.395367	-1.320000	-0.043024
1079	0.014920	26.390545	-1.320000	-0.043024
1080	0.014920	48.402203	-1.320000	-0.043024
1081	0.014920	62.879269	-1.320000	-0.043024
1082	0.014920	41.910611	-1.320000	-0.043024
1083	0.014920	1.923490	-1.320000	-0.043024
1084	0.014920	47.571062	-1.320000	-0.043024
1085	0.014920	81.009552	-1.320000	-0.043024
1086	0.014920	27.688864	-1.320000	-0.043024
1087	0.014920	18.823359	-1.320000	-0.043024
1088	0.014920	56.977081	-1.320000	-0.043024
1089	0.014920	13.141179	-1.320000	-0.043024
1090	0.014920	17.378368	-1.320000	-0.043024
1091	0.014920	88.131291	-1.320000	-0.043024
1092	0.014920	30.991699	-1.320000	-0.043024
1093	0.014920	78.059816	-1.320000	-0.043024
1094	0.014920	43.388195	-1.320000	-0.043024
1095	0.014920	48.866665	-1.320000	-0.043024
1096	0.014920	65.321085	-1.320000	-0.043024
1097	0.014920	37.887997	-1.320000	-0.043024
1098	0.014920	4.115421	-1.320000	-0.043024
1099	0.014920	25.977691	-1.320000	-0.043024
1100	0.014920	13.230811	-1.320000	-0.043024
1101	0.014920	49.016053	-1.320000	-0.043024
1102	0.014920	59.370006	-1.320000	-0.043024
1103	0.014920	11.685324	-1.320000	-0.043024
1104	0.014878	40.642170	-0.753024	-0.610000
1105	0.014878	31.437147	-0.753024	-0.610000
1106	0.014878	41.397259	-0.753024	-0.610000
1107	0.014878	85.999115	-0.753024	-0.610000
1108	0.014878	64.712668	-0.753024	-0.610000
1109	0.014878	73.616199	-0.753024	-0.610000
1110	0.014878	31.461592	-0.753024	-0.610000
1111	0.014878	77.668691	-0.753024	-0.610000
1112	0.014878	70.093356	-0.753024	-0.610000
1113	0.014878	73.374462	-0.753024	-0.610000
1114	0.014878	24.304544	-0.753024	-0.610000
1115	0.014878	3.379345	-0.753024	-0.610000
1116	0.014878	48.486404	-0.753024	-0.610000
1117	0.014878	63.816340	-0.753024	-0.610000
1118	0.014878	29.459792	-0.753024	-0.610000
1119	0.014878	86.458144	-0.753024	-0.610000
1120	0.014878	42.676565	-0.753024	-0.610000
1121	0.014878	47.869839	-0.753024	-0.610000
1122	0.014878	44.797876	-0.753024	-0.610000
1123	0.014878	1.831141	-0.753024	-0.610000
1124	0.014878	19.692526	-0.753024	-0.610000
1125	0.014878	78.423780	-0.753024	-0.610000
1126	0.014878	5.220893	-0.753024	-0.610000
1127	0.014878	64.623035	-0.753024	-0.610000
1128	0.014878	54.258217	-0.753024	-0.610000
1129	0.014878	30.619587	-0.753024	-0.610000
1130	0.014878	31.888028	-0.753024	-0.610000
1131	0.014878	4.036653	-0.753024	-0.610000
1132	0.014878	13.152043	-0.753024	-0.610000
1133	0.014878	70.351390	-0.753024	-0.610000
1134	0.014878	16.911191	-0.753024	-0.610000
1135	0.014878	86.933470	-0.753024	-0.610000
1136	0.014878	22.715598	-0.753024	-0.610000
1137	0.014878	19.418195	-0.753024	-0.610000
1138	0.014878	25.923368	-0.753024	-0.610000
1139	0.014878	54.768853	-0.753024	-0.610000
1140	0.014878	20.059206	-0.753024	-0.610000
1141	0.014878	45.498642	-0.753024	-0.610000
1142	0.014878	19.372021	-0.753024	-0.610000
1143	0.014878	15.273354	-0.753024	-0.610000
1144	0.014878	26.211280	-0.753024	-0.610000
1145	0.014878	76.337779	-0.753024	-0.610000
1146	0.014878	19.035218	-0.753024	-0.610000
1147	0.014878	87.596210	-0.753024	-0.610000
1148	0.014878	64.824030	-0.753024	-0.610000
1149	0.014878	10.259346	-0.753024	-0.610000
1150	0.014878	21.591113	-0.753024	-0.610000
1151	0.014878	5.182867	-0.753024	-0.610000
1152	0.014878	29.579302	-0.753024	-0.610000
1153	0.014878	80.545091	-0.753024	-0.610000
1154	0.014878	73.675954	-0.753024	-0.610000
1155	0.014878	14.246651	-0.753024	-0.610000
1156	0.014878	26.018433	-0.753024	-0.610000
1157	0.014878	63.637074	-0.753024	-0.610000
1158	0.014878	77.340037	-0.753024	-0.610000
1159	0.014878	89.008606	-0.753024	-0.610000
1160	0.014878	66.847560	-0.753024	-0.610000
1161	0.014878	70.764245	-0.753024	-0.610000
1162	0.014878	7.296030	-0.753024	-0.610000
1163	0.014878	47.571062	-0.753024	-0.610000
1164	0.014878	2.474868	-0.753024	-0.610000
1165	0.014878	11.006287	-0.753024	-0.610000
1166	0.014878	19.888089	-0.753024	-0.610000
1167	0.014878	81.683157	-0.753024	-0.610000
1168	0.014878	78.882809	-0.753024	-0.610000
1169	0.014878	20.309091	-0.753024	-0.610000
1170	0.014878	67.151769	-0.753024	-0.610000
1171	0.014878	12.138920	-0.753024	-0.610000
1172	0.014878	67.483139	-0.753024	-0.610000
1173	0.014878	12.500168	-0.753024	-0.610000
1174	0.014878	8.893124	-0.753024	-0.610000
1175	0.014878	76.161229	-0.753024	-0.610000
1176	0.014878	29.161016	-0.753024	-0.610000
1177	0.014878	23.812922	-0.753024	-0.610000
1178	0.014878	14.216773	-0.753024	-0.610000
1179	0.014878	45.474197	-0.753024	-0.610000
1180	0.014878	34.112552	-0.753024	-0.610000
1181	0.014878	41.000702	-0.753024	-0.610000
1182	0.014878	20.357982	-0.753024	-0.610000
1183	0.014878	15.425459	-0.753024	-0.610000
1184	0.014878	30.660329	-0.753024	-0.610000
1185	0.014878	5.506088	-0.753024	-0.610000
1186	0.014965	87.256691	0.466976	0.610000
1187	0.014965	19.879940	0.466976	0.610000
1188	0.014965	32.692007	0.466976	0.610000
1189	0.014965	18.771752	0.466976	0.610000
1190	0.014965	59.774712	0.466976	0.610000
1191	0.014965	32.170507	0.466976	0.610000
1192	0.014965	38.887539	0.466976	0.610000
1193	0.014965	17.185522	0.466976	0.610000
1194	0.014965	19.975005	0.466976	0.610000
1195	0.014965	87.938444	0.466976	0.610000
1196	0.014965	31.374676	0.466976	0.610000
1197	0.014965	9.721549	0.466976	0.610000
1198	0.014965	30.337107	0.466976	0.610000
1199	0.014965	43.064974	0.466976	0.610000
1200	0.014965	1.002716	0.466976	0.610000
1201	0.014965	57.775628	0.466976	0.610000
1202	0.014965	27.341197	0.466976	0.610000
1203	0.014965	37.578356	0.466976	0.610000
1204	0.014965	79.849757	0.466976	0.610000
1205	0.014965	22.267434	0.466976	0.610000
1206	0.014965	57.322031	0.466976	0.610000
1207	0.014965	21.680746	0.466976	0.610000
1208	0.014965	16.120792	0.466976	0.610000
1209	0.014965	37.505020	0.466976	0.610000
1210	0.014965	22.998077	0.466976	0.610000
1211	0.014965	37.828242	0.466976	0.610000
1212	0.014965	30.168706	0.466976	0.610000
1213	0.014965	45.851741	0.466976	0.610000
1214	0.014965	22.568926	0.466976	0.610000
1215	0.014965	60.021882	0.466976	0.610000
1216	0.014965	61.673299	0.466976	0.610000
1217	0.014965	64.742546	0.466976	0.610000
1218	0.014965	4.818903	0.466976	0.610000
1219	0.014965	16.147954	0.466976	0.610000
1220	0.014965	69.723960	0.466976	0.610000
1221	0.014965	54.062654	0.466976	0.610000
1222	0.014965	89.095523	0.466976	0.610000
1223	0.014965	40.674764	0.466976	0.610000
1224	0.014965	86.947050	0.466976	0.610000
1225	0.014965	76.424696	0.466976	0.610000
1226	0.014965	6.587115	0.466976	0.610000
1227	0.014965	70.400281	0.466976	0.610000
1228	0.014965	19.298685	0.466976	0.610000
1229	0.014965	63.389904	0.466976	0.610000
1230	0.014965	79.830744	0.466976	0.610000
1231	0.014965	76.617542	0.466976	0.610000
1232	0.014965	28.726432	0.466976	0.610000
1233	0.014965	58.131443	0.466976	0.610000
1234	0.014965	60.790551	0.466976	0.610000
1235	0.014965	46.446577	0.466976	0.610000
1236	0.014965	66.304331	0.466976	0.610000
1237	0.014965	69.612598	0.466976	0.610000
1238	0.014965	24.489242	0.466976	0.610000
1239	0.014965	27.599231	0.466976	0.610000
1240	0.014965	16.055605	0.466976	0.610000
1241	0.014965	52.772485	0.466976	0.610000
1242	0.014965	83.551866	0.466976	0.610000
1243	0.014679	61.382672	0.466976	0.610000
1244	0.014679	85.086489	0.466976	0.610000
1245	0.014679	39.786584	0.466976	0.610000
1246	0.014679	5.554979	0.466976	0.610000
1247	0.014679	51.202551	0.466976	0.610000
1248	0.014679	52.147771	0.466976	0.610000
1249	0.014679	46.900174	0.466976	0.610000
1250	0.014679	37.673421	0.466976	0.610000
1251	0.014679	14.371593	0.466976	0.610000
1252	0.014679	36.399548	0.466976	0.610000
1253	0.014679	48.888394	0.466976	0.610000
1254	0.014679	15.387432	0.466976	0.610000
1255	0.014679	52.484573	0.466976	0.610000
1256	0.014679	63.384472	0.466976	0.610000
1257	0.014679	1.660024	0.466976	0.610000
1258	0.014679	17.821100	0.466976	0.610000
1259	0.014679	43.132878	0.466976	0.610000
1260	0.014679	21.984954	0.466976	0.610000
1261	0.014679	27.058718	0.466976	0.610000
1262	0.014679	2.466720	0.466976	0.610000
1263	0.014679	79.276650	0.466976	0.610000
1264	0.014679	48.472823	0.466976	0.610000
1265	0.014679	28.354320	0.466976	0.610000
1266	0.014679	79.822596	0.466976	0.610000
1267	0.014679	57.020539	0.466976	0.610000
1268	0.014878	83.280251	0.953024	-0.610000
1269	0.014878	7.491592	0.953024	-0.610000
1270	0.014878	17.755913	0.953024	-0.610000
1271	0.014878	61.081179	0.953024	-0.610000
1272	0.014878	60.714499	0.953024	-0.610000
1273	0.014878	85.627003	0.953024	-0.610000
1274	0.014878	81.085604	0.953024	-0.610000
1275	0.014878	37.754906	0.953024	-0.610000
1276	0.014878	11.231727	0.953024	-0.610000
1277	0.014878	73.931272	0.953024	-0.610000
1278	0.014878	16.191412	0.953024	-0.610000
1279	0.014878	48.616779	0.953024	-0.610000
1280	0.014878	23.402783	0.953024	-0.610000
1281	0.014878	88.283395	0.953024	-0.610000
1282	0.014878	66.160375	0.953024	-0.610000
1283	0.014878	39.778436	0.953024	-0.610000
1284	0.014878	57.289438	0.953024	-0.610000
1285	0.014878	7.790368	0.953024	-0.610000
1286	0.014878	25.287790	0.953024	-0.610000
1287	0.014878	63.971160	0.953024	-0.610000
1288	0.014878	1.331370	0.953024	-0.610000
1289	0.014878	71.736625	0.953024	-0.610000
1290	0.014878	40.403150	0.953024	-0.610000
1291	0.014878	68.216498	0.953024	-0.610000
1292	0.014878	53.446089	0.953024	-0.610000
1293	0.014878	58.935423	0.953024	-0.610000
1294	0.014878	57.886990	0.953024	-0.610000
1295	0.014878	6.394269	0.953024	-0.610000
1296	0.014878	38.447523	0.953024	-0.610000
1297	0.014878	56.072604	0.953024	-0.610000
1298	0.014878	21.794824	0.953024	-0.610000
1299	0.014878	12.475723	0.953024	-0.610000
1300	0.014878	56.482742	0.953024	-0.610000
1301	0.014878	81.033998	0.953024	-0.610000
1302	0.014878	36.013855	0.953024	-0.610000
1303	0.014878	58.701834	0.953024	-0.610000
1304	0.014878	6.619709	0.953024	-0.610000
1305	0.014878	54.736259	0.953024	-0.610000
1306	0.014878	14.841487	0.953024	-0.610000
1307	0.014878	80.482620	0.953024	-0.610000
1308	0.014878	24.269234	0.953024	-0.610000
1309	0.014878	57.566485	0.953024	-0.610000
1310	0.014878	81.873287	0.953024	-0.610000
1311	0.014878	81.313761	0.953024	-0.610000
1312	0.014878	88.535997	0.953024	-0.610000
1313	0.014878	49.847194	0.953024	-0.610000
1314	0.014878	84.651906	0.953024	-0.610000
1315	0.014878	42.500015	0.953024	-0.610000
1316	0.014878	37.241554	0.953024	-0.610000
1317	0.014878	60.472762	0.953024	-0.610000
1318	0.014878	18.945585	0.953024	-0.610000
1319	0.014878	40.911069	0.953024	-0.610000
1320	0.014878	25.708792	0.953024	-0.610000
1321	0.014878	23.150182	0.953024	-0.610000
1322	0.014878	86.091464	0.953024	-0.610000
1323	0.014878	43.632649	0.953024	-0.610000
1324	0.014878	85.982818	0.953024	-0.610000
1325	0.014878	86.382092	0.953024	-0.610000
1326	0.014878	41.250587	0.953024	-0.610000
1327	0.014878	49.724967	0.953024	-0.610000
1328	0.014878	68.642933	0.953024	-0.610000
1329	0.014878	42.578784	0.953024	-0.610000
1330	0.014878	27.094028	0.953024	-0.610000
1331	0.014878	47.907865	0.953024	-0.610000
1332	0.014878	47.907865	0.953024	-0.610000
1333	0.014878	37.502304	0.953024	-0.610000
1334	0.014878	58.688253	0.953024	-0.610000
1335	0.014878	15.444472	0.953024	-0.610000
1336	0.014878	69.082949	0.953024	-0.610000
1337	0.014878	48.432081	0.953024	-0.610000
1338	0.014878	87.093722	0.953024	-0.610000
1339	0.014878	49.999298	0.953024	-0.610000
1340	0.014878	31.130222	0.953024	-0.610000
1341	0.014878	25.135685	0.953024	-0.610000
1342	0.014878	32.531755	0.953024	-0.610000
1343	0.014878	58.753441	0.953024	-0.610000
1344	0.014878	7.420972	0.953024	-0.610000
1345	0.014878	51.213416	0.953024	-0.610000
1346	0.014878	23.552171	0.953024	-0.610000
1347	0.014878	75.574541	0.953024	-0.610000
1348	0.014878	17.394665	0.953024	-0.610000
1349	0.014878	16.780816	0.953024	-0.610000
1350	0.014831	55.056764	0.953024	-0.610000
1351	0.014831	7.486160	0.953024	-0.610000
1352	0.014831	86.216407	0.953024	-0.610000
1353	0.014831	29.060518	0.953024	-0.610000
1354	0.014831	13.665395	0.953024	-0.610000
1355	0.014831	59.274941	0.953024	-0.610000
1356	0.014831	50.162267	0.953024	-0.610000
1357	0.014831	72.910001	0.953024	-0.610000
1358	0.014831	84.260781	0.953024	-0.610000
1359	0.014831	14.425916	0.953024	-0.610000
1360	0.014831	33.824641	0.953024	-0.610000
1361	0.014831	58.810480	0.953024	-0.610000
1362	0.014831	83.141728	0.953024	-0.610000
1363	0.014831	45.300363	0.953024	-0.610000
1364	0.014831	77.826228	0.953024	-0.610000
1365	0.014831	16.338084	0.953024	-0.610000
1366	0.014831	45.726798	0.953024	-0.610000
1367	0.014831	73.692251	0.953024	-0.610000
1368	0.014831	21.189123	0.953024	-0.610000
1369	0.014831	57.694143	0.953024	-0.610000
1370	0.014831	80.134953	0.953024	-0.610000
1371	0.014831	87.650533	0.953024	-0.610000
1372	0.014831	75.036744	0.953024	-0.610000
1373	0.014831	47.231544	0.953024	-0.610000
1374	0.014831	34.631336	0.953024	-0.610000
1375	0.014831	37.795648	0.953024	-0.610000
